1778926207203 2.0 1
1778926207204 2.0 2
1778926207206 2.0 3
1778926207210 2.0 4
1778926207218 2.0 5
1778926207220 2.0 6
1778926207223 2.0 7
1778926207227 2.0 8
1778926207230 2.0 9
1778926207233 2.0 10
1778926207238 2.0 11
1778926207242 2.0 12
1778926207244 2.0 13
1778926208181 2.0 14
1778926208425 2.0 15
1778926208946 2.0 16
1778926209367 2.0 17
1778926209717 2.0 18
1778926209879 2.0 19
1778926212085 2.0 20
1778926214253 2.0 21
1778926214927 2.0 22
1778926215062 2.0 23
1778926216802 2.0 24
1778926216929 2.0 25
1778926217625 2.0 26
1778926218013 2.0 27
1778926218385 2.0 28
1778926218791 2.0 29
1778926219541 2.0 30
1778926219895 2.0 31
1778926220384 2.0 32
1778926220651 2.0 33
1778926220852 2.0 34
1778926221383 2.0 35
1778926221871 2.0 36
1778926222415 2.0 37
1778926222660 2.0 38
1778926222878 2.0 39
1778926223098 2.0 40
1778926223546 2.0 41
1778926224215 2.0 42
1778926224951 2.0 43
1778926225566 2.0 44
1778926227814 2.0 45
1778926228161 2.0 46
1778926228381 2.0 47
1778926228892 2.0 48
1778926229792 2.0 49
1778926230869 2.0 50
1778926231088 2.0 51
1778926231649 2.0 52
1778926232116 2.0 53
1778926232757 2.0 54
1778926233329 2.0 55
1778926234233 2.0 56
1778926234576 2.0 57
1778926235563 2.0 58
1778926236117 2.0 59
1778926236536 2.0 60
1778926237566 2.0 61
1778926238994 2.0 62
1778926240095 2.0 63
1778926240316 2.0 64
1778926240998 2.0 65
1778926241386 2.0 66
1778926242241 2.0 67
1778926242575 2.0 68
1778926243007 2.0 69
1778926243683 2.0 70
1778926244063 2.0 71
1778926244393 2.0 72
1778926244987 2.0 73
1778926245954 2.0 74
1778926246206 2.0 75
1778926246404 2.0 76
1778926246616 2.0 77
1778926247218 2.0 78
1778926247596 2.0 79
1778926247978 2.0 80
1778926248437 2.0 81
1778926248905 2.0 82
1778926249251 2.0 83
1778926249525 2.0 84
1778926249755 2.0 85
1778926249938 2.0 86
1778926250094 2.0 87
1778926250446 2.0 88
1778926250873 2.0 89
1778926251292 2.0 90
1778926251497 2.0 91
1778926252067 2.0 92
1778926252849 2.0 93
1778926253285 2.0 94
1778926254364 3.0 95
1778926254555 3.0 96
1778926254840 3.0 97
1778926255610 3.0 98
1778926255959 3.0 99
1778926256273 3.0 100
1778926256759 3.0 101
1778926257433 3.0 102
1778926257589 3.0 103
1778926257926 3.0 104
1778926258103 3.0 105
1778926258891 3.0 106
1778926259195 3.0 107
1778926259494 3.0 108
1778926259885 3.0 109
1778926260279 3.0 110
1778926260587 3.0 111
1778926261099 3.0 112
1778926261811 3.0 113
1778926262064 3.0 114
1778926262338 3.0 115
1778926262602 3.0 116
1778926263213 3.0 117
1778926263335 3.0 118
1778926263929 3.0 119
1778926264111 3.0 120
1778926264300 3.0 121
1778926264518 3.0 122
1778926264845 3.0 123
1778926265285 3.0 124
1778926265608 3.0 125
1778926265713 3.0 126
1778926265939 3.0 127
1778926266341 3.0 128
1778926266516 3.0 129
1778926267076 3.0 130
1778926267247 3.0 131
1778926267396 3.0 132
1778926267681 3.0 133
1778926268024 3.0 134
1778926268262 3.0 135
1778926268861 3.0 136
1778926269339 3.0 137
1778926269675 3.0 138
1778926269889 3.0 139
1778926270159 3.0 140
1778926270530 3.0 141
1778926270844 3.0 142
1778926271062 3.0 143
1778926271260 3.0 144
1778926271534 3.0 145
1778926271586 3.0 146
1778926271859 3.0 147
1778926272172 3.0 148
1778926272391 3.0 149
1778926273239 3.0 150
1778926273901 3.0 151
1778926274225 3.0 152
1778926274831 3.0 153
1778926275890 4.0 154
1778926276323 4.0 155
1778926277097 4.0 156
1778926277331 4.0 157
1778926277591 4.0 158
1778926278383 4.0 159
1778926282015 4.0 160
1778926282466 4.0 161
1778926282785 4.0 162
1778926283066 4.0 163
1778926283592 4.0 164
1778926284024 4.0 165
1778926284267 4.0 166
1778926284645 4.0 167
1778926286045 5.0 168
1778926286547 5.0 169
1778926286731 5.0 170
1778926287413 5.0 171
1778926287760 5.0 172
1778926288716 5.0 173
1778926289159 5.0 174
1778926289643 5.0 175
1778926289963 5.0 176
1778926290308 5.0 177
1778926291364 5.0 178
1778926291963 5.0 179
1778926292434 5.0 180
1778926292806 5.0 181
1778926293259 5.0 182
1778926294133 5.0 183
1778926294948 5.0 184
1778926295118 5.0 185
1778926295479 5.0 186
1778926296496 5.0 187
1778926297428 5.0 188
1778926297997 5.0 189
1778926298246 5.0 190
1778926298757 5.0 191
1778926299492 5.0 192
1778926300208 5.0 193
1778926300462 5.0 194
1778926300955 5.0 195
1778926301370 5.0 196
1778926301913 5.0 197
1778926303014 5.0 198
1778926303540 5.0 199
1778926303969 5.0 200
1778926304787 5.0 201
1778926304906 5.0 202
1778926305104 5.0 203
1778926305390 5.0 204
1778926306113 5.0 205
1778926306498 5.0 206
1778926306963 5.0 207
1778926307473 5.0 208
1778926308136 5.0 209
1778926308547 5.0 210
1778926308862 5.0 211
1778926309718 5.0 212
1778926309988 5.0 213
1778926310383 5.0 214
1778926311411 9.0 215
1778926312136 9.0 216
1778926312303 9.0 217
1778926313239 9.0 218
1778926313471 9.0 219
1778926314024 9.0 220
1778926314570 9.0 221
1778926315901 9.0 222
1778926316630 9.0 223
1778926318305 9.0 224
1778926319535 9.0 225
1778926319697 9.0 226
1778926320022 9.0 227
1778926321019 9.0 228
1778926321810 9.0 229
1778926322561 9.0 230
1778926322845 9.0 231
1778926324260 9.0 232
1778926324838 9.0 233
1778926325923 9.0 234
1778926326518 9.0 235
1778926327277 9.0 236
1778926328062 9.0 237
1778926328171 9.0 238
1778926328999 9.0 239
1778926329734 9.0 240
1778926329941 9.0 241
1778926330326 9.0 242
1778926330698 9.0 243
1778926330868 9.0 244
1778926332391 9.0 245
1778926332583 9.0 246
1778926332802 9.0 247
1778926333075 9.0 248
1778926334165 9.0 249
1778926335595 9.0 250
1778926335774 9.0 251
1778926336042 9.0 252
1778926337041 9.0 253
1778926337457 9.0 254
1778926338814 9.0 255
1778926338993 9.0 256
1778926340806 9.0 257
1778926341387 9.0 258
1778926341799 9.0 259
1778926342339 9.0 260
1778926342688 9.0 261
1778926342976 9.0 262
1778926343319 9.0 263
1778926343590 9.0 264
1778926343792 9.0 265
1778926344279 9.0 266
1778926346214 9.0 267
1778926347382 9.0 268
1778926347631 9.0 269
1778926348168 9.0 270
1778926348334 9.0 271
1778926348819 9.0 272
1778926349215 9.0 273
1778926351646 12.0 274
1778926351912 12.0 275
1778926352136 12.0 276
1778926353097 12.0 277
1778926354321 12.0 278
1778926354736 12.0 279
1778926356827 12.0 280
1778926358071 12.0 281
1778926358527 12.0 282
1778926358832 12.0 283
1778926360256 12.0 284
1778926360737 12.0 285
1778926361513 12.0 286
1778926364541 12.0 287
1778926365857 12.0 288
1778926366132 12.0 289
1778926367320 12.0 290
1778926368519 12.0 291
1778926369066 12.0 292
1778926369523 12.0 293
1778926369816 12.0 294
1778926370762 12.0 295
1778926371267 12.0 296
1778926371675 12.0 297
1778926372538 12.0 298
1778926372720 12.0 299
1778926372987 12.0 300
1778926373299 12.0 301
1778926373760 12.0 302
1778926374712 12.0 303
1778926375022 12.0 304
1778926376690 12.0 305
1778926377200 12.0 306
1778926377810 12.0 307
1778926379619 12.0 308
1778926382111 12.0 309
1778926382352 12.0 310
1778926382565 12.0 311
1778926383581 12.0 312
1778926384561 12.0 313
1778926384913 12.0 314
1778926386028 12.0 315
1778926386444 12.0 316
1778926388453 12.0 317
1778926388621 12.0 318
1778926389954 12.0 319
1778926390352 12.0 320
1778926390838 12.0 321
1778926392929 12.0 322
1778926393843 12.0 323
1778926396773 16.0 324
1778926398702 16.0 325
1778926398948 16.0 326
1778926401322 16.0 327
1778926402027 16.0 328
1778926403146 16.0 329
1778926403509 16.0 330
1778926404158 16.0 331
1778926406811 18.0 332
1778926407273 18.0 333
1778926408411 18.0 334
1778926410389 18.0 335
1778926410633 18.0 336
1778926410865 18.0 337
1778926411345 18.0 338
1778926414973 18.0 339
1778926415487 18.0 340
1778926415555 18.0 341
1778926416512 18.0 342
1778926417291 18.0 343
1778926417996 18.0 344
1778926418539 18.0 345
1778926418653 18.0 346
1778926419355 18.0 347
1778926419598 18.0 348
1778926420230 18.0 349
1778926421098 18.0 350
1778926423019 18.0 351
1778926423345 18.0 352
1778926423922 18.0 353
1778926424115 18.0 354
1778926425323 18.0 355
1778926426492 18.0 356
1778926427789 18.0 357
1778926428431 18.0 358
1778926429882 18.0 359
1778926431787 18.0 360
1778926432018 18.0 361
1778926433556 18.0 362
1778926435310 18.0 363
1778926435507 18.0 364
1778926435958 18.0 365
1778926436398 18.0 366
1778926437337 18.0 367
1778926437801 18.0 368
1778926439407 18.0 369
1778926440035 18.0 370
1778926442426 18.0 371
1778926442646 18.0 372
1778926442968 18.0 373
1778926443626 18.0 374
1778926444717 18.0 375
1778926448397 18.0 376
1778926449708 18.0 377
1778926450246 18.0 378
1778926450473 18.0 379
1778926451935 18.0 380
1778926453973 18.0 381
1778926454497 18.0 382
1778926454655 18.0 383
1778926455674 18.0 384
1778926457669 18.0 385
1778926459545 18.0 386
1778926461419 18.0 387
1778926463248 18.0 388
1778926464967 18.0 389
1778926465647 18.0 390
1778926465863 18.0 391
1778926466229 18.0 392
1778926468330 18.0 393
1778926468841 18.0 394
1778926472201 18.0 395
1778926474921 18.0 396
1778926477608 18.0 397
1778926477909 18.0 398
1778926478798 18.0 399
1778926480007 18.0 400
1778926481170 18.0 401
1778926483356 18.0 402
1778926483611 18.0 403
1778926485264 18.0 404
1778926485492 18.0 405
1778926486047 18.0 406
1778926486255 18.0 407
1778926487441 18.0 408
1778926488316 18.0 409
1778926488769 18.0 410
1778926489717 18.0 411
1778926490658 18.0 412
1778926491272 18.0 413
1778926494181 18.0 414
1778926496526 18.0 415
1778926496737 18.0 416
1778926498246 18.0 417
1778926499973 18.0 418
1778926500405 18.0 419
1778926500742 18.0 420
1778926501677 18.0 421
1778926504823 18.0 422
1778926506436 18.0 423
1778926507365 18.0 424
1778926509203 18.0 425
1778926509717 18.0 426
1778926512583 19.0 427
1778926513996 19.0 428
1778926514543 19.0 429
1778926518376 19.0 430
1778926520046 19.0 431
1778926521021 19.0 432
1778926521320 19.0 433
1778926522269 19.0 434
1778926523071 19.0 435
1778926523444 19.0 436
1778926527090 19.0 437
1778926534118 26.0 438
1778926535193 26.0 439
1778926535396 26.0 440
1778926536580 26.0 441
1778926536936 26.0 442
1778926540366 26.0 443
1778926542444 26.0 444
1778926543245 26.0 445
1778926544258 26.0 446
1778926546494 26.0 447
1778926547482 26.0 448
1778926551085 26.0 449
1778926551385 26.0 450
1778926554122 26.0 451
1778926555894 26.0 452
1778926557793 26.0 453
1778926561828 26.0 454
1778926562727 26.0 455
1778926564239 26.0 456
1778926569529 26.0 457
1778926570482 26.0 458
1778926571691 26.0 459
1778926572219 26.0 460
1778926573092 26.0 461
1778926573953 26.0 462
1778926575442 26.0 463
1778926578618 26.0 464
1778926580094 26.0 465
1778926580986 26.0 466
1778926581220 26.0 467
1778926585408 26.0 468
1778926585806 26.0 469
1778926588759 26.0 470
1778926591136 26.0 471
1778926595253 26.0 472
1778926595771 26.0 473
1778926598229 26.0 474
1778926599981 26.0 475
1778926601036 26.0 476
1778926602838 26.0 477
1778926603023 26.0 478
1778926604166 26.0 479
1778926607081 26.0 480
1778926609717 26.0 481
1778926611915 26.0 482
1778926613079 26.0 483
1778926615780 26.0 484
1778926618967 26.0 485
1778926619089 26.0 486
1778926621254 26.0 487
1778926624205 26.0 488
1778926625523 26.0 489
1778926627491 26.0 490
1778926627754 26.0 491
1778926628459 26.0 492
1778926629754 26.0 493
1778926631004 26.0 494
1778926632067 26.0 495
1778926632222 26.0 496
1778926632641 26.0 497
1778926634595 26.0 498
1778926634755 26.0 499
1778926635811 26.0 500
1778926637889 26.0 501
1778926639414 26.0 502
1778926641572 26.0 503
1778926643798 26.0 504
1778926644373 26.0 505
1778926648197 26.0 506
1778926650969 26.0 507
1778926652796 26.0 508
1778926654822 26.0 509
1778926658421 26.0 510
1778926658938 26.0 511
1778926662050 26.0 512
1778926664593 26.0 513
1778926664920 26.0 514
1778926666868 26.0 515
1778926669699 26.0 516
1778926672575 26.0 517
1778926674947 26.0 518
1778926676933 26.0 519
1778926680053 26.0 520
1778926680501 26.0 521
1778926681509 26.0 522
1778926685919 26.0 523
1778926693784 33.0 524
1778926695347 33.0 525
1778926695718 33.0 526
1778926696986 33.0 527
1778926698751 33.0 528
1778926702149 33.0 529
1778926703157 33.0 530
1778926705529 33.0 531
1778926707427 33.0 532
1778926708496 33.0 533
1778926711621 33.0 534
1778926712387 33.0 535
1778926712935 33.0 536
1778926714793 33.0 537
1778926715207 33.0 538
1778926718488 33.0 539
1778926719627 33.0 540
1778926720459 33.0 541
1778926721442 33.0 542
1778926724297 33.0 543
1778926725060 33.0 544
1778926725309 33.0 545
1778926731816 33.0 546
1778926735329 33.0 547
1778926735520 33.0 548
1778926745518 39.0 549
1778926753093 39.0 550
1778926754469 39.0 551
1778926755450 39.0 552
1778926758516 39.0 553
1778926759566 39.0 554
1778926760565 39.0 555
1778926761153 39.0 556
1778926764887 39.0 557
1778926768701 39.0 558
1778926771856 39.0 559
1778926772204 39.0 560
1778926773099 39.0 561
1778926773342 39.0 562
1778926775694 39.0 563
1778926780218 39.0 564
1778926782029 39.0 565
1778926788160 39.0 566
1778926789801 39.0 567
1778926790554 39.0 568
1778926794752 39.0 569
1778926799318 39.0 570
1778926803077 39.0 571
1778926807094 39.0 572
1778926808440 39.0 573
1778926809019 39.0 574
1778926811404 39.0 575
1778926814113 39.0 576
1778926818528 39.0 577
1778926824037 39.0 578
1778926827544 39.0 579
1778926828655 39.0 580
1778926830897 39.0 581
1778926834484 39.0 582
1778926841569 39.0 583
1778926845819 39.0 584
1778926846336 39.0 585
1778926848802 39.0 586
1778926850525 39.0 587
1778926854446 39.0 588
1778926854821 39.0 589
1778926855065 39.0 590
1778926858119 39.0 591
1778926862814 39.0 592
1778926866596 39.0 593
1778926872207 39.0 594
1778926874690 39.0 595
1778926877112 39.0 596
1778926881372 39.0 597
1778926884808 39.0 598
1778926887737 39.0 599
1778926889684 39.0 600
1778926893270 39.0 601
1778926895875 39.0 602
1778926898804 39.0 603
1778926902935 39.0 604
1778926903717 39.0 605
1778926907940 39.0 606
1778926908550 39.0 607
1778926909177 39.0 608
1778926911762 39.0 609
1778926913827 39.0 610
1778926915949 39.0 611
1778926917115 39.0 612
1778926920989 39.0 613
1778926922923 39.0 614
1778926927037 39.0 615
1778926928486 39.0 616
1778926932912 39.0 617
1778926935549 39.0 618
1778926937326 39.0 619
1778926940508 39.0 620
1778926947135 39.0 621
1778926952868 39.0 622
1778926955341 39.0 623
1778926958482 39.0 624
1778926965256 39.0 625
1778926968901 39.0 626
1778926976370 39.0 627
1778926979358 39.0 628
1778926981549 39.0 629
1778926991988 39.0 630
1778926993428 39.0 631
1778926997962 39.0 632
1778926998933 39.0 633
1778927002575 39.0 634
1778927002964 39.0 635
1778927008258 39.0 636
1778927010216 39.0 637
1778927015687 39.0 638
1778927021227 39.0 639
1778927027099 39.0 640
1778927032352 39.0 641
1778927037127 39.0 642
1778927041964 39.0 643
1778927047357 39.0 644
1778927049214 39.0 645
1778927051462 39.0 646
1778927057595 39.0 647
1778927065146 39.0 648
1778927066525 39.0 649
1778927070420 39.0 650
1778927077382 39.0 651
1778927082461 39.0 652
1778927085307 39.0 653
1778927087117 39.0 654
1778927090415 39.0 655
1778927096645 39.0 656
1778927103888 39.0 657
1778927106261 39.0 658
1778927112531 39.0 659
1778927122230 39.0 660
1778927127697 39.0 661
1778927137041 39.0 662
1778927142932 39.0 663
1778927145103 39.0 664
1778927155305 39.0 665
1778927157933 39.0 666
1778927164887 39.0 667
1778927175528 39.0 668
1778927175761 39.0 669
1778927183069 39.0 670
1778927191404 39.0 671
1778927198396 39.0 672
1778927202927 39.0 673
1778927207783 39.0 674
1778927215642 39.0 675
1778927217881 39.0 676
1778927222465 39.0 677
1778927229326 39.0 678
1778927232560 39.0 679
1778927237157 39.0 680
1778927250390 40.0 681
1778927255656 40.0 682
1778927261995 40.0 683
1778927269719 40.0 684
1778927274108 40.0 685
1778927274825 40.0 686
1778927286456 40.0 687
1778927289007 40.0 688
1778927293481 40.0 689
1778927300069 40.0 690
1778927308741 40.0 691
1778927316785 40.0 692
1778927328992 42.0 693
1778927329708 42.0 694
1778927337425 42.0 695
1778927342029 42.0 696
1778927356130 43.0 697
1778927363818 43.0 698
1778927366146 43.0 699
1778927369760 43.0 700
1778927381204 43.0 701
1778927385940 43.0 702
1778927394875 43.0 703
1778927403082 43.0 704
1778927404789 43.0 705
1778927408306 43.0 706
1778927415039 43.0 707
1778927415924 43.0 708
1778927421523 43.0 709
1778927429184 43.0 710
1778927437634 43.0 711
1778927451290 47.0 712
1778927456474 47.0 713
1778927459675 47.0 714
1778927466229 47.0 715
1778927475786 47.0 716
1778927478256 47.0 717
1778927485785 47.0 718
1778927495434 47.0 719
1778927499838 47.0 720
1778927506609 47.0 721
1778927513274 47.0 722
1778927517204 47.0 723
1778927521659 47.0 724
1778927528379 47.0 725
1778927546044 58.0 726
1778927551647 58.0 727
1778927558850 58.0 728
1778927565055 58.0 729
1778927570855 58.0 730
1778927575529 58.0 731
1778927579707 58.0 732
1778927580923 58.0 733
1778927584538 58.0 734
1778927585810 58.0 735
1778927587838 58.0 736
1778927589936 58.0 737
1778927599939 58.0 738
1778927601295 58.0 739
1778927606683 58.0 740
1778927618170 58.0 741
1778927622552 58.0 742
1778927624790 58.0 743
1778927632218 58.0 744
1778927640762 58.0 745
1778927643912 58.0 746
1778927646694 58.0 747
1778927656818 58.0 748
1778927661442 58.0 749
1778927671615 58.0 750
1778927681642 58.0 751
1778927685056 58.0 752
1778927690374 58.0 753
1778927701977 58.0 754
1778927706713 58.0 755
1778927713313 58.0 756
1778927727769 58.0 757
1778927737915 58.0 758
1778927744738 58.0 759
1778927750110 58.0 760
1778927754456 58.0 761
1778927760931 58.0 762
1778927770805 58.0 763
1778927774187 58.0 764
1778927783225 58.0 765
1778927788050 58.0 766
1778927788586 58.0 767
1778927798117 58.0 768
1778927812065 58.0 769
1778927822633 58.0 770
1778927828763 58.0 771
1778927839052 58.0 772
1778927846779 58.0 773
1778927852016 58.0 774
1778927856083 58.0 775
1778927864419 58.0 776
1778927866384 58.0 777
1778927873485 58.0 778
1778927874092 58.0 779
1778927884343 58.0 780
1778927894975 58.0 781
1778927900687 58.0 782
1778927912266 58.0 783
1778927917433 58.0 784
1778927921843 58.0 785
1778927927160 58.0 786
1778927933387 58.0 787
1778927942106 58.0 788
1778927948779 58.0 789
1778927954444 58.0 790
1778927968024 58.0 791
1778927976662 58.0 792
1778927979935 58.0 793
1778927987393 58.0 794
1778927998362 58.0 795
1778928010923 58.0 796
1778928025421 58.0 797
1778928031705 58.0 798
1778928037978 58.0 799
1778928047151 58.0 800
1778928056154 58.0 801
1778928066767 58.0 802
1778928072323 58.0 803
1778928078538 58.0 804
1778928090472 58.0 805
1778928095403 58.0 806
1778928114791 58.0 807
1778928117404 58.0 808
1778928118334 58.0 809
1778928133446 58.0 810
1778928136179 58.0 811
1778928145405 58.0 812
1778928150792 58.0 813
1778928156718 58.0 814
1778928161838 58.0 815
1778928163105 58.0 816
1778928169361 58.0 817
1778928176996 58.0 818
1778928184699 58.0 819
1778928201417 58.0 820
1778928207534 58.0 821
1778928214123 58.0 822
1778928228157 58.0 823
1778928235754 58.0 824
1778928254073 58.0 825
1778928259573 58.0 826
1778928270037 58.0 827
1778928271467 58.0 828
1778928283412 58.0 829
1778928288325 58.0 830
1778928293487 58.0 831
1778928293919 58.0 832
1778928300402 58.0 833
1778928307242 58.0 834
1778928318549 58.0 835
1778928324749 58.0 836
1778928335229 58.0 837
1778928341720 58.0 838
1778928348478 58.0 839
1778928356062 58.0 840
1778928364214 58.0 841
1778928373808 58.0 842
1778928386798 58.0 843
1778928396910 58.0 844
1778928398769 58.0 845
1778928407291 58.0 846
1778928417670 58.0 847
1778928432543 58.0 848
1778928442793 58.0 849
1778928452417 58.0 850
1778928464114 58.0 851
1778928479692 58.0 852
1778928488056 58.0 853
1778928492188 58.0 854
1778928498299 58.0 855
1778928505657 58.0 856
1778928507806 58.0 857
1778928514841 58.0 858
1778928519723 58.0 859
1778928533037 58.0 860
1778928533917 58.0 861
1778928540027 58.0 862
1778928550569 58.0 863
1778928556939 58.0 864
1778928567280 58.0 865
1778928572316 58.0 866
1778928588324 58.0 867
1778928593167 58.0 868
1778928598056 58.0 869
1778928609244 58.0 870
1778928625793 58.0 871
1778928635614 58.0 872
1778928642715 58.0 873
1778928646260 58.0 874
1778928656787 58.0 875
1778928661905 58.0 876
1778928668934 58.0 877
1778928680367 58.0 878
1778928691217 58.0 879
1778928705200 58.0 880
1778928712384 58.0 881
1778928724910 58.0 882
1778928725230 58.0 883
1778928732370 58.0 884
1778928745419 58.0 885
1778928756947 58.0 886
1778928764113 58.0 887
1778928774485 58.0 888
1778928781419 58.0 889
1778928788448 58.0 890
1778928793578 58.0 891
1778928797052 58.0 892
1778928801455 58.0 893
1778928812481 58.0 894
1778928815509 58.0 895
1778928828258 58.0 896
1778928841788 58.0 897
1778928845193 58.0 898
1778928846882 58.0 899
1778928848916 58.0 900
1778928859431 58.0 901
1778928868609 58.0 902
1778928874321 58.0 903
1778928878390 58.0 904
1778928882174 58.0 905
1778928902985 58.0 906
1778928910797 58.0 907
1778928920989 58.0 908
1778928932109 58.0 909
1778928934365 58.0 910
1778928939100 58.0 911
1778928946505 58.0 912
1778928948522 58.0 913
1778928955554 58.0 914
1778928959079 58.0 915
1778928972042 58.0 916
1778928989145 58.0 917
1778928992735 58.0 918
1778929004118 58.0 919
1778929013607 58.0 920
1778929030470 58.0 921
1778929055458 58.0 922
1778929070591 58.0 923
1778929082919 58.0 924
1778929093594 58.0 925
1778929107217 58.0 926
1778929108004 58.0 927
1778929111159 58.0 928
1778929123824 58.0 929
1778929132455 58.0 930
1778929141463 58.0 931
1778929150229 58.0 932
1778929156911 58.0 933
1778929166197 58.0 934
1778929175971 58.0 935
1778929185779 58.0 936
1778929198817 58.0 937
1778929211881 58.0 938
1778929215241 58.0 939
1778929218724 58.0 940
1778929231471 58.0 941
1778929237849 58.0 942
1778929245981 58.0 943
1778929253423 58.0 944
1778929259035 58.0 945
1778929270916 58.0 946
1778929289494 58.0 947
1778929299711 58.0 948
1778929307409 58.0 949
1778929316979 58.0 950
1778929327026 58.0 951
1778929341526 58.0 952
1778929359561 58.0 953
1778929369580 58.0 954
1778929371549 58.0 955
1778929383989 58.0 956
1778929393420 58.0 957
1778929399151 58.0 958
1778929399514 58.0 959
1778929410486 58.0 960
1778929421560 58.0 961
1778929434558 58.0 962
1778929438911 58.0 963
1778929442529 58.0 964
1778929454428 58.0 965
1778929455440 58.0 966
1778929465056 58.0 967
1778929471274 58.0 968
1778929480265 58.0 969
1778929486966 58.0 970
1778929492508 58.0 971
1778929497380 58.0 972
1778929503669 58.0 973
1778929515711 58.0 974
1778929532922 58.0 975
1778929542950 58.0 976
1778929546524 58.0 977
1778929557140 58.0 978
1778929568040 58.0 979
1778929578552 58.0 980
1778929581997 58.0 981
1778929582314 58.0 982
1778929590697 58.0 983
1778929598121 58.0 984
1778929609218 58.0 985
1778929623680 58.0 986
1778929633051 58.0 987
1778929639560 58.0 988
1778929647069 58.0 989
1778929650743 58.0 990
1778929670707 58.0 991
1778929682683 58.0 992
1778929687528 58.0 993
1778929696835 58.0 994
1778929702938 58.0 995
1778929710882 58.0 996
1778929713039 58.0 997
1778929726071 58.0 998
1778929727449 58.0 999
1778929733017 58.0 1000
