1778926207203 0.995 1
1778926207204 0.990025 2
1778926207206 0.985074875 3
1778926207210 0.9801495006250001 4
1778926207218 0.9752487531218751 5
1778926207220 0.9703725093562657 6
1778926207223 0.9655206468094844 7
1778926207227 0.960693043575437 8
1778926207230 0.9558895783575597 9
1778926207233 0.9511101304657719 10
1778926207238 0.946354579813443 11
1778926207242 0.9416228069143757 12
1778926207244 0.9369146928798039 13
1778926208181 0.9322301194154049 14
1778926208425 0.9275689688183278 15
1778926208946 0.9229311239742362 16
1778926209367 0.918316468354365 17
1778926209717 0.9137248860125932 18
1778926209879 0.9091562615825302 19
1778926212085 0.9046104802746175 20
1778926214253 0.9000874278732445 21
1778926214927 0.8955869907338783 22
1778926215062 0.8911090557802088 23
1778926216802 0.8866535105013078 24
1778926216929 0.8822202429488013 25
1778926217625 0.8778091417340573 26
1778926218013 0.8734200960253871 27
1778926218385 0.8690529955452602 28
1778926218791 0.8647077305675338 29
1778926219541 0.8603841919146962 30
1778926219895 0.8560822709551227 31
1778926220384 0.851801859600347 32
1778926220651 0.8475428503023453 33
1778926220852 0.8433051360508336 34
1778926221383 0.8390886103705794 35
1778926221871 0.8348931673187264 36
1778926222415 0.8307187014821328 37
1778926222660 0.8265651079747222 38
1778926222878 0.8224322824348486 39
1778926223098 0.8183201210226743 40
1778926223546 0.8142285204175609 41
1778926224215 0.810157377815473 42
1778926224951 0.8061065909263957 43
1778926225566 0.8020760579717637 44
1778926227814 0.798065677681905 45
1778926228161 0.7940753492934954 46
1778926228381 0.7901049725470279 47
1778926228892 0.7861544476842928 48
1778926229792 0.7822236754458713 49
1778926230869 0.778312557068642 50
1778926231088 0.7744209942832988 51
1778926231649 0.7705488893118823 52
1778926232116 0.7666961448653229 53
1778926232757 0.7628626641409962 54
1778926233329 0.7590483508202912 55
1778926234233 0.7552531090661897 56
1778926234576 0.7514768435208588 57
1778926235563 0.7477194593032545 58
1778926236117 0.7439808620067382 59
1778926236536 0.7402609576967045 60
1778926237566 0.736559652908221 61
1778926238994 0.7328768546436799 62
1778926240095 0.7292124703704616 63
1778926240316 0.7255664080186093 64
1778926240998 0.7219385759785162 65
1778926241386 0.7183288830986236 66
1778926242241 0.7147372386831305 67
1778926242575 0.7111635524897149 68
1778926243007 0.7076077347272662 69
1778926243683 0.7040696960536299 70
1778926244063 0.7005493475733617 71
1778926244393 0.697046600835495 72
1778926244987 0.6935613678313175 73
1778926245954 0.6900935609921609 74
1778926246206 0.6866430931872001 75
1778926246404 0.6832098777212641 76
1778926246616 0.6797938283326578 77
1778926247218 0.6763948591909945 78
1778926247596 0.6730128848950395 79
1778926247978 0.6696478204705644 80
1778926248437 0.6662995813682115 81
1778926248905 0.6629680834613705 82
1778926249251 0.6596532430440636 83
1778926249525 0.6563549768288433 84
1778926249755 0.653073201944699 85
1778926249938 0.6498078359349755 86
1778926250094 0.6465587967553006 87
1778926250446 0.6433260027715241 88
1778926250873 0.6401093727576664 89
1778926251292 0.6369088258938781 90
1778926251497 0.6337242817644086 91
1778926252067 0.6305556603555866 92
1778926252849 0.6274028820538087 93
1778926253285 0.6242658676435396 94
1778926254364 0.6211445383053219 95
1778926254555 0.6180388156137953 96
1778926254840 0.6149486215357263 97
1778926255610 0.6118738784280476 98
1778926255959 0.6088145090359074 99
1778926256273 0.6057704364907278 100
1778926256759 0.6027415843082742 101
1778926257433 0.5997278763867329 102
1778926257589 0.5967292370047992 103
1778926257926 0.5937455908197752 104
1778926258103 0.5907768628656763 105
1778926258891 0.5878229785513479 106
1778926259195 0.5848838636585911 107
1778926259494 0.5819594443402982 108
1778926259885 0.5790496471185967 109
1778926260279 0.5761543988830038 110
1778926260587 0.5732736268885887 111
1778926261099 0.5704072587541458 112
1778926261811 0.567555222460375 113
1778926262064 0.5647174463480732 114
1778926262338 0.5618938591163328 115
1778926262602 0.5590843898207511 116
1778926263213 0.5562889678716474 117
1778926263335 0.5535075230322891 118
1778926263929 0.5507399854171277 119
1778926264111 0.547986285490042 120
1778926264300 0.5452463540625918 121
1778926264518 0.5425201222922789 122
1778926264845 0.5398075216808175 123
1778926265285 0.5371084840724134 124
1778926265608 0.5344229416520513 125
1778926265713 0.531750826943791 126
1778926265939 0.5290920728090721 127
1778926266341 0.5264466124450268 128
1778926266516 0.5238143793828016 129
1778926267076 0.5211953074858876 130
1778926267247 0.5185893309484582 131
1778926267396 0.5159963842937159 132
1778926267681 0.5134164023722473 133
1778926268024 0.510849320360386 134
1778926268262 0.5082950737585841 135
1778926268861 0.5057535983897912 136
1778926269339 0.5032248303978422 137
1778926269675 0.500708706245853 138
1778926269889 0.4982051627146237 139
1778926270159 0.49571413690105054 140
1778926270530 0.4932355662165453 141
1778926270844 0.4907693883854626 142
1778926271062 0.4883155414435353 143
1778926271260 0.4858739637363176 144
1778926271534 0.483444593917636 145
1778926271586 0.4810273709480478 146
1778926271859 0.47862223409330756 147
1778926272172 0.47622912292284103 148
1778926272391 0.4738479773082268 149
1778926273239 0.47147873742168567 150
1778926273901 0.46912134373457726 151
1778926274225 0.46677573701590436 152
1778926274831 0.46444185833082485 153
1778926275890 0.46211964903917074 154
1778926276323 0.4598090507939749 155
1778926277097 0.457510005540005 156
1778926277331 0.45522245551230495 157
1778926277591 0.4529463432347434 158
1778926278383 0.4506816115185697 159
1778926282015 0.4484282034609769 160
1778926282466 0.446186062443672 161
1778926282785 0.4439551321314536 162
1778926283066 0.4417353564707963 163
1778926283592 0.43952667968844233 164
1778926284024 0.43732904629000013 165
1778926284267 0.4351424010585501 166
1778926284645 0.43296668905325736 167
1778926286045 0.43080185560799106 168
1778926286547 0.4286478463299511 169
1778926286731 0.42650460709830135 170
1778926287413 0.42437208406280985 171
1778926287760 0.4222502236424958 172
1778926288716 0.42013897252428334 173
1778926289159 0.4180382776616619 174
1778926289643 0.4159480862733536 175
1778926289963 0.41386834584198684 176
1778926290308 0.4117990041127769 177
1778926291364 0.40974000909221303 178
1778926291963 0.40769130904675194 179
1778926292434 0.40565285250151817 180
1778926292806 0.4036245882390106 181
1778926293259 0.4016064652978155 182
1778926294133 0.3995984329713264 183
1778926294948 0.3976004408064698 184
1778926295118 0.39561243860243744 185
1778926295479 0.3936343764094253 186
1778926296496 0.39166620452737816 187
1778926297428 0.3897078735047413 188
1778926297997 0.3877593341372176 189
1778926298246 0.3858205374665315 190
1778926298757 0.38389143477919885 191
1778926299492 0.3819719776053028 192
1778926300208 0.3800621177172763 193
1778926300462 0.37816180712868996 194
1778926300955 0.37627099809304654 195
1778926301370 0.3743896431025813 196
1778926301913 0.37251769488706843 197
1778926303014 0.3706551064126331 198
1778926303540 0.36880183088056995 199
1778926303969 0.3669578217261671 200
1778926304787 0.36512303261753626 201
1778926304906 0.3632974174544486 202
1778926305104 0.3614809303671764 203
1778926305390 0.3596735257153405 204
1778926306113 0.3578751580867638 205
1778926306498 0.35608578229633 206
1778926306963 0.3543053533848483 207
1778926307473 0.35253382661792404 208
1778926308136 0.3507711574848344 209
1778926308547 0.34901730169741024 210
1778926308862 0.3472722151889232 211
1778926309718 0.3455358541129786 212
1778926309988 0.3438081748424137 213
1778926310383 0.3420891339682016 214
1778926311411 0.3403786882983606 215
1778926312136 0.3386767948568688 216
1778926312303 0.33698341088258443 217
1778926313239 0.3352984938281715 218
1778926313471 0.33362200135903064 219
1778926314024 0.33195389135223546 220
1778926314570 0.3302941218954743 221
1778926315901 0.32864265128599696 222
1778926316630 0.326999438029567 223
1778926318305 0.3253644408394192 224
1778926319535 0.3237376186352221 225
1778926319697 0.322118930542046 226
1778926320022 0.32050833588933575 227
1778926321019 0.31890579420988907 228
1778926321810 0.3173112652388396 229
1778926322561 0.3157247089126454 230
1778926322845 0.3141460853680822 231
1778926324260 0.3125753549412418 232
1778926324838 0.31101247816653554 233
1778926325923 0.30945741577570285 234
1778926326518 0.3079101286968243 235
1778926327277 0.3063705780533402 236
1778926328062 0.30483872516307353 237
1778926328171 0.3033145315372582 238
1778926328999 0.3017979588795719 239
1778926329734 0.30028896908517405 240
1778926329941 0.2987875242397482 241
1778926330326 0.29729358661854943 242
1778926330698 0.29580711868545667 243
1778926330868 0.2943280830920294 244
1778926332391 0.29285644267656924 245
1778926332583 0.2913921604631864 246
1778926332802 0.28993519966087045 247
1778926333075 0.2884855236625661 248
1778926334165 0.28704309604425327 249
1778926335595 0.285607880564032 250
1778926335774 0.28417984116121187 251
1778926336042 0.2827589419554058 252
1778926337041 0.28134514724562876 253
1778926337457 0.2799384215094006 254
1778926338814 0.27853872940185365 255
1778926338993 0.27714603575484437 256
1778926340806 0.2757603055760701 257
1778926341387 0.2743815040481898 258
1778926341799 0.2730095965279488 259
1778926342339 0.27164454854530906 260
1778926342688 0.2702863258025825 261
1778926342976 0.2689348941735696 262
1778926343319 0.26759021970270175 263
1778926343590 0.2662522686041882 264
1778926343792 0.2649210072611673 265
1778926344279 0.26359640222486147 266
1778926346214 0.26227842021373715 267
1778926347382 0.2609670281126685 268
1778926347631 0.25966219297210513 269
1778926348168 0.2583638820072446 270
1778926348334 0.2570720625972084 271
1778926348819 0.25578670228422234 272
1778926349215 0.25450776877280124 273
1778926351646 0.2532352299289372 274
1778926351912 0.2519690537792925 275
1778926352136 0.2507092085103961 276
1778926353097 0.2494556624678441 277
1778926354321 0.24820838415550486 278
1778926354736 0.24696734223472733 279
1778926356827 0.2457325055235537 280
1778926358071 0.24450384299593592 281
1778926358527 0.24328132378095624 282
1778926358832 0.24206491716205145 283
1778926360256 0.2408545925762412 284
1778926360737 0.23965031961336 285
1778926361513 0.2384520680152932 286
1778926364541 0.23725980767521673 287
1778926365857 0.23607350863684065 288
1778926366132 0.23489314109365644 289
1778926367320 0.23371867538818816 290
1778926368519 0.23255008201124722 291
1778926369066 0.231387331601191 292
1778926369523 0.23023039494318503 293
1778926369816 0.2290792429684691 294
1778926370762 0.22793384675362674 295
1778926371267 0.22679417751985861 296
1778926371675 0.22566020663225933 297
1778926372538 0.22453190559909803 298
1778926372720 0.22340924607110255 299
1778926372987 0.22229219984074702 300
1778926373299 0.2211807388415433 301
1778926373760 0.22007483514733558 302
1778926374712 0.2189744609715989 303
1778926375022 0.2178795886667409 304
1778926376690 0.2167901907234072 305
1778926377200 0.21570623976979014 306
1778926377810 0.21462770857094118 307
1778926379619 0.21355457002808648 308
1778926382111 0.21248679717794605 309
1778926382352 0.21142436319205632 310
1778926382565 0.21036724137609603 311
1778926383581 0.20931540516921554 312
1778926384561 0.20826882814336947 313
1778926384913 0.20722748400265262 314
1778926386028 0.20619134658263935 315
1778926386444 0.20516038984972615 316
1778926388453 0.2041345879004775 317
1778926388621 0.2031139149609751 318
1778926389954 0.20209834538617025 319
1778926390352 0.2010878536592394 320
1778926390838 0.2000824143909432 321
1778926392929 0.19908200231898848 322
1778926393843 0.19808659230739353 323
1778926396773 0.19709615934585656 324
1778926398702 0.19611067854912728 325
1778926398948 0.19513012515638165 326
1778926401322 0.19415447453059972 327
1778926402027 0.19318370215794672 328
1778926403146 0.192217783647157 329
1778926403509 0.1912566947289212 330
1778926404158 0.1903004112552766 331
1778926406811 0.18934890919900021 332
1778926407273 0.18840216465300522 333
1778926408411 0.18746015382974018 334
1778926410389 0.1865228530605915 335
1778926410633 0.18559023879528855 336
1778926410865 0.1846622876013121 337
1778926411345 0.18373897616330553 338
1778926414973 0.182820281282489 339
1778926415487 0.18190617987607657 340
1778926415555 0.18099664897669618 341
1778926416512 0.1800916657318127 342
1778926417291 0.17919120740315364 343
1778926417996 0.17829525136613786 344
1778926418539 0.17740377510930716 345
1778926418653 0.17651675623376062 346
1778926419355 0.1756341724525918 347
1778926419598 0.17475600159032884 348
1778926420230 0.17388222158237718 349
1778926421098 0.1730128104744653 350
1778926423019 0.17214774642209296 351
1778926423345 0.1712870076899825 352
1778926423922 0.17043057265153258 353
1778926424115 0.16957841978827493 354
1778926425323 0.16873052768933355 355
1778926426492 0.1678868750508869 356
1778926427789 0.16704744067563246 357
1778926428431 0.1662122034722543 358
1778926429882 0.16538114245489302 359
1778926431787 0.16455423674261854 360
1778926432018 0.16373146555890544 361
1778926433556 0.16291280823111093 362
1778926435310 0.16209824418995536 363
1778926435507 0.16128775296900558 364
1778926435958 0.16048131420416054 365
1778926436398 0.15967890763313974 366
1778926437337 0.15888051309497406 367
1778926437801 0.1580861105294992 368
1778926439407 0.1572956799768517 369
1778926440035 0.15650920157696743 370
1778926442426 0.1557266555690826 371
1778926442646 0.1549480222912372 372
1778926442968 0.15417328217978102 373
1778926443626 0.1534024157688821 374
1778926444717 0.1526354036900377 375
1778926448397 0.1518722266715875 376
1778926449708 0.15111286553822956 377
1778926450246 0.15035730121053842 378
1778926450473 0.14960551470448571 379
1778926451935 0.14885748713096328 380
1778926453973 0.14811319969530845 381
1778926454497 0.1473726336968319 382
1778926454655 0.14663577052834775 383
1778926455674 0.14590259167570602 384
1778926457669 0.1451730787173275 385
1778926459545 0.14444721332374086 386
1778926461419 0.14372497725712216 387
1778926463248 0.14300635237083656 388
1778926464967 0.14229132060898236 389
1778926465647 0.14157986400593744 390
1778926465863 0.14087196468590776 391
1778926466229 0.14016760486247823 392
1778926468330 0.13946676683816583 393
1778926468841 0.138769433003975 394
1778926472201 0.13807558583895513 395
1778926474921 0.13738520790976036 396
1778926477608 0.13669828187021155 397
1778926477909 0.13601479046086049 398
1778926478798 0.1353347165085562 399
1778926480007 0.1346580429260134 400
1778926481170 0.13398475271138335 401
1778926483356 0.13331482894782642 402
1778926483611 0.13264825480308728 403
1778926485264 0.13198501352907185 404
1778926485492 0.1313250884614265 405
1778926486047 0.13066846301911936 406
1778926486255 0.13001512070402377 407
1778926487441 0.12936504510050365 408
1778926488316 0.12871821987500112 409
1778926488769 0.12807462877562611 410
1778926489717 0.12743425563174798 411
1778926490658 0.12679708435358925 412
1778926491272 0.1261630989318213 413
1778926494181 0.1255322834371622 414
1778926496526 0.12490462201997637 415
1778926496737 0.1242800989098765 416
1778926498246 0.12365869841532712 417
1778926499973 0.12304040492325048 418
1778926500405 0.12242520289863423 419
1778926500742 0.12181307688414106 420
1778926501677 0.12120401149972035 421
1778926504823 0.12059799144222175 422
1778926506436 0.11999500148501063 423
1778926507365 0.11939502647758558 424
1778926509203 0.11879805134519765 425
1778926509717 0.11820406108847166 426
1778926512583 0.1176130407830293 427
1778926513996 0.11702497557911415 428
1778926514543 0.11643985070121858 429
1778926518376 0.11585765144771248 430
1778926520046 0.11527836319047392 431
1778926521021 0.11470197137452155 432
1778926521320 0.11412846151764894 433
1778926522269 0.1135578192100607 434
1778926523071 0.11299003011401039 435
1778926523444 0.11242507996344034 436
1778926527090 0.11186295456362313 437
1778926534118 0.11130363979080501 438
1778926535193 0.11074712159185099 439
1778926535396 0.11019338598389174 440
1778926536580 0.10964241905397228 441
1778926536936 0.10909420695870241 442
1778926540366 0.1085487359239089 443
1778926542444 0.10800599224428936 444
1778926543245 0.10746596228306791 445
1778926544258 0.10692863247165257 446
1778926546494 0.1063939893092943 447
1778926547482 0.10586201936274783 448
1778926551085 0.10533270926593409 449
1778926551385 0.10480604571960442 450
1778926554122 0.1042820154910064 451
1778926555894 0.10376060541355137 452
1778926557793 0.1032418023864836 453
1778926561828 0.10272559337455119 454
1778926562727 0.10221196540767843 455
1778926564239 0.10170090558064004 456
1778926569529 0.10119240105273684 457
1778926570482 0.10068643904747315 458
1778926571691 0.10018300685223579 459
1778926572219 0.0996820918179746 460
1778926573092 0.09918368135888474 461
1778926573953 0.09868776295209031 462
1778926575442 0.09819432413732986 463
1778926578618 0.09770335251664321 464
1778926580094 0.09721483575406 465
1778926580986 0.09672876157528969 466
1778926581220 0.09624511776741324 467
1778926585408 0.09576389217857617 468
1778926585806 0.09528507271768329 469
1778926588759 0.09480864735409487 470
1778926591136 0.0943346041173244 471
1778926595253 0.09386293109673778 472
1778926595771 0.09339361644125409 473
1778926598229 0.09292664835904782 474
1778926599981 0.09246201511725258 475
1778926601036 0.09199970504166631 476
1778926602838 0.09153970651645797 477
1778926603023 0.09108200798387568 478
1778926604166 0.0906265979439563 479
1778926607081 0.09017346495423652 480
1778926609717 0.08972259762946533 481
1778926611915 0.089273984641318 482
1778926613079 0.0888276147181114 483
1778926615780 0.08838347664452084 484
1778926618967 0.08794155926129824 485
1778926619089 0.08750185146499175 486
1778926621254 0.08706434220766679 487
1778926624205 0.08662902049662846 488
1778926625523 0.08619587539414532 489
1778926627491 0.08576489601717459 490
1778926627754 0.08533607153708872 491
1778926628459 0.08490939117940327 492
1778926629754 0.08448484422350626 493
1778926631004 0.08406242000238873 494
1778926632067 0.08364210790237678 495
1778926632222 0.0832238973628649 496
1778926632641 0.08280777787605056 497
1778926634595 0.08239373898667031 498
1778926634755 0.08198177029173696 499
1778926635811 0.08157186144027828 500
1778926637889 0.0811640021330769 501
1778926639414 0.08075818212241151 502
1778926641572 0.08035439121179945 503
1778926643798 0.07995261925574046 504
1778926644373 0.07955285615946175 505
1778926648197 0.07915509187866444 506
1778926650969 0.07875931641927113 507
1778926652796 0.07836551983717477 508
1778926654822 0.07797369223798889 509
1778926658421 0.07758382377679894 510
1778926658938 0.07719590465791494 511
1778926662050 0.07680992513462537 512
1778926664593 0.07642587550895225 513
1778926664920 0.07604374613140748 514
1778926666868 0.07566352740075044 515
1778926669699 0.07528520976374668 516
1778926672575 0.07490878371492794 517
1778926674947 0.0745342397963533 518
1778926676933 0.07416156859737154 519
1778926680053 0.07379076075438468 520
1778926680501 0.07342180695061275 521
1778926681509 0.07305469791585968 522
1778926685919 0.07268942442628039 523
1778926693784 0.07232597730414898 524
1778926695347 0.07196434741762824 525
1778926695718 0.0716045256805401 526
1778926696986 0.0712465030521374 527
1778926698751 0.0708902705368767 528
1778926702149 0.07053581918419231 529
1778926703157 0.07018314008827135 530
1778926705529 0.06983222438783 531
1778926707427 0.06948306326589085 532
1778926708496 0.0691356479495614 533
1778926711621 0.06878996970981359 534
1778926712387 0.06844601986126451 535
1778926712935 0.06810378976195819 536
1778926714793 0.0677632708131484 537
1778926715207 0.06742445445908266 538
1778926718488 0.06708733218678724 539
1778926719627 0.0667518955258533 540
1778926720459 0.06641813604822402 541
1778926721442 0.0660860453679829 542
1778926724297 0.06575561514114299 543
1778926725060 0.06542683706543727 544
1778926725309 0.06509970288011008 545
1778926731816 0.06477420436570952 546
1778926735329 0.06445033334388098 547
1778926735520 0.06412808167716157 548
1778926745518 0.06380744126877576 549
1778926753093 0.06348840406243188 550
1778926754469 0.06317096204211972 551
1778926755450 0.06285510723190912 552
1778926758516 0.06254083169574957 553
1778926759566 0.062228127537270826 554
1778926760565 0.06191698689958447 555
1778926761153 0.061607401965086545 556
1778926764887 0.06129936495526111 557
1778926768701 0.0609928681304848 558
1778926771856 0.060687903789832374 559
1778926772204 0.06038446427088321 560
1778926773099 0.06008254194952879 561
1778926773342 0.05978212923978115 562
1778926775694 0.05948321859358224 563
1778926780218 0.05918580250061433 564
1778926782029 0.058889873488111255 565
1778926788160 0.058595424120670696 566
1778926789801 0.05830244700006734 567
1778926790554 0.058010934765067 568
1778926794752 0.05772088009124167 569
1778926799318 0.05743227569078546 570
1778926803077 0.05714511431233153 571
1778926807094 0.05685938874076987 572
1778926808440 0.056575091797066025 573
1778926809019 0.056292216338080694 574
1778926811404 0.05601075525639029 575
1778926814113 0.05573070148010834 576
1778926818528 0.0554520479727078 577
1778926824037 0.05517478773284426 578
1778926827544 0.05489891379418004 579
1778926828655 0.05462441922520914 580
1778926830897 0.0543512971290831 581
1778926834484 0.05407954064343768 582
1778926841569 0.05380914294022049 583
1778926845819 0.05354009722551939 584
1778926846336 0.05327239673939179 585
1778926848802 0.053006034755694834 586
1778926850525 0.052741004581916356 587
1778926854446 0.052477299559006776 588
1778926854821 0.052214913061211746 589
1778926855065 0.05195383849590569 590
1778926858119 0.05169406930342616 591
1778926862814 0.05143559895690903 592
1778926866596 0.051178420962124486 593
1778926872207 0.05092252885731386 594
1778926874690 0.05066791621302729 595
1778926877112 0.05041457663196215 596
1778926881372 0.050162503748802344 597
1778926884808 0.049911691230058335 598
1778926887737 0.04966213277390804 599
1778926889684 0.0494138221100385 600
1778926893270 0.04916675299948831 601
1778926895875 0.04892091923449087 602
1778926898804 0.04867631463831842 603
1778926902935 0.048432933065126825 604
1778926903717 0.048190768399801194 605
1778926907940 0.04794981455780219 606
1778926908550 0.04771006548501318 607
1778926909177 0.047471515157588115 608
1778926911762 0.047234157581800176 609
1778926913827 0.046997986793891174 610
1778926915949 0.04676299685992172 611
1778926917115 0.04652918187562211 612
1778926920989 0.046296535966244 613
1778926922923 0.046065053286412784 614
1778926927037 0.04583472801998072 615
1778926928486 0.045605554379880814 616
1778926932912 0.04537752660798141 617
1778926935549 0.0451506389749415 618
1778926937326 0.044924885780066794 619
1778926940508 0.04470026135116646 620
1778926947135 0.04447676004441063 621
1778926952868 0.04425437624418858 622
1778926955341 0.04403310436296763 623
1778926958482 0.043812938841152796 624
1778926965256 0.04359387414694703 625
1778926968901 0.043375904776212296 626
1778926976370 0.043159025252331236 627
1778926979358 0.04294323012606958 628
1778926981549 0.04272851397543923 629
1778926991988 0.04251487140556204 630
1778926993428 0.04230229704853423 631
1778926997962 0.04209078556329156 632
1778926998933 0.0418803316354751 633
1778927002575 0.041670929977297724 634
1778927002964 0.04146257532741124 635
1778927008258 0.04125526245077418 636
1778927010216 0.04104898613852031 637
1778927015687 0.04084374120782771 638
1778927021227 0.04063952250178857 639
1778927027099 0.04043632488927963 640
1778927032352 0.04023414326483323 641
1778927037127 0.040032972548509065 642
1778927041964 0.03983280768576652 643
1778927047357 0.03963364364733769 644
1778927049214 0.039435475429100995 645
1778927051462 0.03923829805195549 646
1778927057595 0.03904210656169572 647
1778927065146 0.03884689602888724 648
1778927066525 0.0386526615487428 649
1778927070420 0.03845939824099909 650
1778927077382 0.03826710124979409 651
1778927082461 0.038075765743545126 652
1778927085307 0.0378853869148274 653
1778927087117 0.03769595998025326 654
1778927090415 0.03750748018035199 655
1778927096645 0.037319942779450235 656
1778927103888 0.037133343065552986 657
1778927106261 0.03694767635022522 658
1778927112531 0.036762937968474095 659
1778927122230 0.03657912327863173 660
1778927127697 0.036396227662238566 661
1778927137041 0.03621424652392737 662
1778927142932 0.036033175291307735 663
1778927145103 0.03585300941485119 664
1778927155305 0.035673744367776934 665
1778927157933 0.03549537564593805 666
1778927164887 0.035317898767708356 667
1778927175528 0.03514130927386981 668
1778927175761 0.03496560272750046 669
1778927183069 0.03479077471386296 670
1778927191404 0.03461682084029365 671
1778927198396 0.034443736736092176 672
1778927202927 0.034271518052411715 673
1778927207783 0.034100160462149656 674
1778927215642 0.03392965965983891 675
1778927217881 0.033760011361539714 676
1778927222465 0.03359121130473201 677
1778927229326 0.033423255248208356 678
1778927232560 0.03325613897196732 679
1778927237157 0.03308985827710748 680
1778927250390 0.032924408985721944 681
1778927255656 0.03275978694079333 682
1778927261995 0.032595988006089364 683
1778927269719 0.032433008066058915 684
1778927274108 0.03227084302572862 685
1778927274825 0.032109488810599975 686
1778927286456 0.031948941366546975 687
1778927289007 0.03178919665971424 688
1778927293481 0.03163025067641567 689
1778927300069 0.03147209942303359 690
1778927308741 0.03131473892591842 691
1778927316785 0.031158165231288826 692
1778927328992 0.03100237440513238 693
1778927329708 0.030847362533106718 694
1778927337425 0.030693125720441184 695
1778927342029 0.030539660091838977 696
1778927356130 0.03038696179137978 697
1778927363818 0.030235026982422884 698
1778927366146 0.030083851847510768 699
1778927369760 0.029933432588273214 700
1778927381204 0.029783765425331846 701
1778927385940 0.029634846598205186 702
1778927394875 0.02948667236521416 703
1778927403082 0.029339239003388088 704
1778927404789 0.029192542808371146 705
1778927408306 0.02904658009432929 706
1778927415039 0.028901347193857643 707
1778927415924 0.028756840457888354 708
1778927421523 0.02861305625559891 709
1778927429184 0.028469990974320916 710
1778927437634 0.02832764101944931 711
1778927451290 0.028186002814352063 712
1778927456474 0.0280450728002803 713
1778927459675 0.0279048474362789 714
1778927466229 0.027765323199097504 715
1778927475786 0.027626496583102015 716
1778927478256 0.027488364100186506 717
1778927485785 0.027350922279685573 718
1778927495434 0.027214167668287145 719
1778927499838 0.02707809682994571 720
1778927506609 0.02694270634579598 721
1778927513274 0.026807992814067 722
1778927517204 0.026673952849996664 723
1778927521659 0.02654058308574668 724
1778927528379 0.026407880170317945 725
1778927546044 0.026275840769466357 726
1778927551647 0.026144461565619025 727
1778927558850 0.02601373925779093 728
1778927565055 0.025883670561501974 729
1778927570855 0.025754252208694463 730
1778927575529 0.02562548094765099 731
1778927579707 0.025497353542912736 732
1778927580923 0.02536986677519817 733
1778927584538 0.02524301744132218 734
1778927585810 0.025116802354115567 735
1778927587838 0.024991218342344988 736
1778927589936 0.024866262250633264 737
1778927599939 0.024741930939380097 738
1778927601295 0.024618221284683196 739
1778927606683 0.02449513017825978 740
1778927618170 0.02437265452736848 741
1778927622552 0.024250791254731636 742
1778927624790 0.024129537298457977 743
1778927632218 0.024008889611965685 744
1778927640762 0.023888845163905856 745
1778927643912 0.023769400938086327 746
1778927646694 0.023650553933395897 747
1778927656818 0.023532301163728918 748
1778927661442 0.023414639657910272 749
1778927671615 0.023297566459620722 750
1778927681642 0.023181078627322618 751
1778927685056 0.023065173234186005 752
1778927690374 0.022949847368015076 753
1778927701977 0.022835098131175 754
1778927706713 0.022720922640519125 755
1778927713313 0.02260731802731653 756
1778927727769 0.022494281437179946 757
1778927737915 0.022381810029994047 758
1778927744738 0.022269900979844076 759
1778927750110 0.022158551474944856 760
1778927754456 0.022047758717570132 761
1778927760931 0.021937519923982282 762
1778927770805 0.021827832324362372 763
1778927774187 0.02171869316274056 764
1778927783225 0.021610099696926857 765
1778927788050 0.021502049198442223 766
1778927788586 0.021394538952450012 767
1778927798117 0.02128756625768776 768
1778927812065 0.021181128426399323 769
1778927822633 0.021075222784267326 770
1778927828763 0.020969846670345987 771
1778927839052 0.020864997436994256 772
1778927846779 0.020760672449809284 773
1778927852016 0.020656869087560238 774
1778927856083 0.020553584742122436 775
1778927864419 0.020450816818411825 776
1778927866384 0.020348562734319765 777
1778927873485 0.020246819920648168 778
1778927874092 0.020145585821044927 779
1778927884343 0.020044857891939702 780
1778927894975 0.019944633602480003 781
1778927900687 0.019844910434467605 782
1778927912266 0.019745685882295267 783
1778927917433 0.01964695745288379 784
1778927921843 0.01954872266561937 785
1778927927160 0.019450979052291272 786
1778927933387 0.019353724157029815 787
1778927942106 0.019256955536244666 788
1778927948779 0.019160670758563442 789
1778927954444 0.019064867404770626 790
1778927968024 0.018969543067746772 791
1778927976662 0.018874695352408037 792
1778927979935 0.018780321875645996 793
1778927987393 0.018686420266267767 794
1778927998362 0.018592988164936427 795
1778928010923 0.018500023224111744 796
1778928025421 0.018407523107991184 797
1778928031705 0.01831548549245123 798
1778928037978 0.018223908064988973 799
1778928047151 0.018132788524664028 800
1778928056154 0.018042124582040707 801
1778928066767 0.017951913959130504 802
1778928072323 0.01786215438933485 803
1778928078538 0.017772843617388175 804
1778928090472 0.017683979399301233 805
1778928095403 0.017595559502304726 806
1778928114791 0.0175075817047932 807
1778928117404 0.017420043796269234 808
1778928118334 0.017332943577287888 809
1778928133446 0.01724627885940145 810
1778928136179 0.017160047465104442 811
1778928145405 0.01707424722777892 812
1778928150792 0.016988875991640028 813
1778928156718 0.016903931611681827 814
1778928161838 0.01681941195362342 815
1778928163105 0.016735314893855303 816
1778928169361 0.016651638319386028 817
1778928176996 0.0165683801277891 818
1778928184699 0.016485538227150154 819
1778928201417 0.0164031105360144 820
1778928207534 0.01632109498333433 821
1778928214123 0.016239489508417658 822
1778928228157 0.01615829206087557 823
1778928235754 0.01607750060057119 824
1778928254073 0.015997113097568336 825
1778928259573 0.015917127532080494 826
1778928270037 0.01583754189442009 827
1778928271467 0.01575835418494799 828
1778928283412 0.01567956241402325 829
1778928288325 0.015601164601953134 830
1778928293487 0.015523158778943369 831
1778928293919 0.015445542985048652 832
1778928300402 0.015368315270123408 833
1778928307242 0.01529147369377279 834
1778928318549 0.015215016325303928 835
1778928324749 0.015138941243677408 836
1778928335229 0.01506324653745902 837
1778928341720 0.014987930304771725 838
1778928348478 0.014912990653247866 839
1778928356062 0.014838425699981627 840
1778928364214 0.01476423357148172 841
1778928373808 0.014690412403624311 842
1778928386798 0.01461696034160619 843
1778928396910 0.014543875539898159 844
1778928398769 0.014471156162198668 845
1778928407291 0.014398800381387675 846
1778928417670 0.014326806379480736 847
1778928432543 0.014255172347583332 848
1778928442793 0.014183896485845416 849
1778928452417 0.014112977003416188 850
1778928464114 0.014042412118399107 851
1778928479692 0.013972200057807112 852
1778928488056 0.013902339057518077 853
1778928492188 0.013832827362230486 854
1778928498299 0.013763663225419333 855
1778928505657 0.013694844909292236 856
1778928507806 0.013626370684745774 857
1778928514841 0.013558238831322046 858
1778928519723 0.013490447637165436 859
1778928533037 0.013422995398979608 860
1778928533917 0.01335588042198471 861
1778928540027 0.013289101019874787 862
1778928550569 0.013222655514775413 863
1778928556939 0.013156542237201536 864
1778928567280 0.013090759526015528 865
1778928572316 0.01302530572838545 866
1778928588324 0.012960179199743523 867
1778928593167 0.012895378303744804 868
1778928598056 0.01283090141222608 869
1778928609244 0.012766746905164949 870
1778928625793 0.012702913170639124 871
1778928635614 0.012639398604785928 872
1778928642715 0.012576201611761997 873
1778928646260 0.012513320603703188 874
1778928656787 0.012450754000684672 875
1778928661905 0.012388500230681249 876
1778928668934 0.012326557729527843 877
1778928680367 0.012264924940880204 878
1778928691217 0.012203600316175803 879
1778928705200 0.012142582314594924 880
1778928712384 0.01208186940302195 881
1778928724910 0.01202146005600684 882
1778928725230 0.011961352755726806 883
1778928732370 0.01190154599194817 884
1778928745419 0.01184203826198843 885
1778928756947 0.011782828070678488 886
1778928764113 0.011723913930325095 887
1778928774485 0.01166529436067347 888
1778928781419 0.011606967888870102 889
1778928788448 0.01154893304942575 890
1778928793578 0.011491188384178622 891
1778928797052 0.011433732442257729 892
1778928801455 0.01137656378004644 893
1778928812481 0.011319680961146208 894
1778928815509 0.011263082556340478 895
1778928828258 0.011206767143558775 896
1778928841788 0.011150733307840981 897
1778928845193 0.011094979641301777 898
1778928846882 0.011039504743095268 899
1778928848916 0.01098430721937979 900
1778928859431 0.010929385683282892 901
1778928868609 0.010874738754866477 902
1778928874321 0.010820365061092144 903
1778928878390 0.010766263235786683 904
1778928882174 0.01071243191960775 905
1778928902985 0.010658869760009713 906
1778928910797 0.010605575411209664 907
1778928920989 0.010552547534153616 908
1778928932109 0.010499784796482848 909
1778928934365 0.010447285872500434 910
1778928939100 0.01039504944313793 911
1778928946505 0.010343074195922241 912
1778928948522 0.01029135882494263 913
1778928955554 0.010239902030817916 914
1778928959079 0.010188702520663827 915
1778928972042 0.010137759008060509 916
1778928989145 0.010087070213020206 917
1778928992735 0.010036634861955105 918
1778929004118 0.01 919
1778929013607 0.01 920
1778929030470 0.01 921
1778929055458 0.01 922
1778929070591 0.01 923
1778929082919 0.01 924
1778929093594 0.01 925
1778929107217 0.01 926
1778929108004 0.01 927
1778929111159 0.01 928
1778929123824 0.01 929
1778929132455 0.01 930
1778929141463 0.01 931
1778929150229 0.01 932
1778929156911 0.01 933
1778929166197 0.01 934
1778929175971 0.01 935
1778929185779 0.01 936
1778929198817 0.01 937
1778929211881 0.01 938
1778929215241 0.01 939
1778929218724 0.01 940
1778929231471 0.01 941
1778929237849 0.01 942
1778929245981 0.01 943
1778929253423 0.01 944
1778929259035 0.01 945
1778929270916 0.01 946
1778929289494 0.01 947
1778929299711 0.01 948
1778929307409 0.01 949
1778929316979 0.01 950
1778929327026 0.01 951
1778929341526 0.01 952
1778929359561 0.01 953
1778929369580 0.01 954
1778929371549 0.01 955
1778929383989 0.01 956
1778929393420 0.01 957
1778929399151 0.01 958
1778929399514 0.01 959
1778929410486 0.01 960
1778929421560 0.01 961
1778929434558 0.01 962
1778929438911 0.01 963
1778929442529 0.01 964
1778929454428 0.01 965
1778929455440 0.01 966
1778929465056 0.01 967
1778929471274 0.01 968
1778929480265 0.01 969
1778929486966 0.01 970
1778929492508 0.01 971
1778929497380 0.01 972
1778929503669 0.01 973
1778929515711 0.01 974
1778929532922 0.01 975
1778929542950 0.01 976
1778929546524 0.01 977
1778929557140 0.01 978
1778929568040 0.01 979
1778929578552 0.01 980
1778929581997 0.01 981
1778929582314 0.01 982
1778929590697 0.01 983
1778929598121 0.01 984
1778929609218 0.01 985
1778929623680 0.01 986
1778929633051 0.01 987
1778929639560 0.01 988
1778929647069 0.01 989
1778929650743 0.01 990
1778929670707 0.01 991
1778929682683 0.01 992
1778929687528 0.01 993
1778929696835 0.01 994
1778929702938 0.01 995
1778929710882 0.01 996
1778929713039 0.01 997
1778929726071 0.01 998
1778929727449 0.01 999
1778929733017 0.01 1000
