1778926207203 2.0 1
1778926207204 1.5 2
1778926207206 1.0 3
1778926207210 0.75 4
1778926207218 0.6 5
1778926207220 0.6666666666666666 6
1778926207223 0.5714285714285714 7
1778926207227 0.5 8
1778926207230 0.4444444444444444 9
1778926207233 0.4 10
1778926207238 0.45454545454545453 11
1778926207242 0.4166666666666667 12
1778926207244 0.38461538461538464 13
1778926208181 0.35714285714285715 14
1778926208425 0.4 15
1778926208946 0.4375 16
1778926209367 0.4117647058823529 17
1778926209717 0.3888888888888889 18
1778926209879 0.3684210526315789 19
1778926212085 0.35 20
1778926214253 0.3333333333333333 21
1778926214927 0.3181818181818182 22
1778926215062 0.30434782608695654 23
1778926216802 0.2916666666666667 24
1778926216929 0.32 25
1778926217625 0.34615384615384615 26
1778926218013 0.3333333333333333 27
1778926218385 0.35714285714285715 28
1778926218791 0.3448275862068966 29
1778926219541 0.36666666666666664 30
1778926219895 0.3870967741935484 31
1778926220384 0.40625 32
1778926220651 0.42424242424242425 33
1778926220852 0.4411764705882353 34
1778926221383 0.42857142857142855 35
1778926221871 0.4166666666666667 36
1778926222415 0.43243243243243246 37
1778926222660 0.42105263157894735 38
1778926222878 0.41025641025641024 39
1778926223098 0.4 40
1778926223546 0.3902439024390244 41
1778926224215 0.38095238095238093 42
1778926224951 0.3953488372093023 43
1778926225566 0.38636363636363635 44
1778926227814 0.37777777777777777 45
1778926228161 0.3695652173913043 46
1778926228381 0.3829787234042553 47
1778926228892 0.375 48
1778926229792 0.3673469387755102 49
1778926230869 0.36 50
1778926231088 0.37254901960784315 51
1778926231649 0.38461538461538464 52
1778926232116 0.37735849056603776 53
1778926232757 0.3888888888888889 54
1778926233329 0.38181818181818183 55
1778926234233 0.39285714285714285 56
1778926234576 0.40350877192982454 57
1778926235563 0.41379310344827586 58
1778926236117 0.423728813559322 59
1778926236536 0.4166666666666667 60
1778926237566 0.4098360655737705 61
1778926238994 0.41935483870967744 62
1778926240095 0.42857142857142855 63
1778926240316 0.4375 64
1778926240998 0.46153846153846156 65
1778926241386 0.4696969696969697 66
1778926242241 0.47761194029850745 67
1778926242575 0.47058823529411764 68
1778926243007 0.4782608695652174 69
1778926243683 0.4857142857142857 70
1778926244063 0.4788732394366197 71
1778926244393 0.4722222222222222 72
1778926244987 0.4794520547945205 73
1778926245954 0.4864864864864865 74
1778926246206 0.49333333333333335 75
1778926246404 0.5 76
1778926246616 0.5064935064935064 77
1778926247218 0.5128205128205128 78
1778926247596 0.5189873417721519 79
1778926247978 0.525 80
1778926248437 0.5308641975308642 81
1778926248905 0.5365853658536586 82
1778926249251 0.5421686746987951 83
1778926249525 0.5357142857142857 84
1778926249755 0.5294117647058824 85
1778926249938 0.5348837209302325 86
1778926250094 0.5402298850574713 87
1778926250446 0.5454545454545454 88
1778926250873 0.5617977528089888 89
1778926251292 0.5555555555555556 90
1778926251497 0.5604395604395604 91
1778926252067 0.5543478260869565 92
1778926252849 0.5591397849462365 93
1778926253285 0.574468085106383 94
1778926254364 0.6 95
1778926254555 0.59375 96
1778926254840 0.5979381443298969 97
1778926255610 0.6224489795918368 98
1778926255959 0.6262626262626263 99
1778926256273 0.62 100
1778926256759 0.6336633663366337 101
1778926257433 0.6470588235294118 102
1778926257589 0.6504854368932039 103
1778926257926 0.6442307692307693 104
1778926258103 0.6476190476190476 105
1778926258891 0.6509433962264151 106
1778926259195 0.6542056074766355 107
1778926259494 0.6574074074074074 108
1778926259885 0.6605504587155964 109
1778926260279 0.6636363636363637 110
1778926260587 0.6756756756756757 111
1778926261099 0.6875 112
1778926261811 0.6902654867256637 113
1778926262064 0.6929824561403509 114
1778926262338 0.6956521739130435 115
1778926262602 0.6982758620689655 116
1778926263213 0.7094017094017094 117
1778926263335 0.711864406779661 118
1778926263929 0.7226890756302521 119
1778926264111 0.725 120
1778926264300 0.7272727272727273 121
1778926264518 0.7295081967213115 122
1778926264845 0.7317073170731707 123
1778926265285 0.75 124
1778926265608 0.76 125
1778926265713 0.7619047619047619 126
1778926265939 0.7637795275590551 127
1778926266341 0.765625 128
1778926266516 0.7596899224806202 129
1778926267076 0.7769230769230769 130
1778926267247 0.7786259541984732 131
1778926267396 0.7803030303030303 132
1778926267681 0.7819548872180451 133
1778926268024 0.7910447761194029 134
1778926268262 0.7925925925925926 135
1778926268861 0.8014705882352942 136
1778926269339 0.8029197080291971 137
1778926269675 0.8043478260869565 138
1778926269889 0.8057553956834532 139
1778926270159 0.8071428571428572 140
1778926270530 0.8085106382978723 141
1778926270844 0.8098591549295775 142
1778926271062 0.8111888111888111 143
1778926271260 0.8125 144
1778926271534 0.8137931034482758 145
1778926271586 0.815068493150685 146
1778926271859 0.8095238095238095 147
1778926272172 0.8108108108108109 148
1778926272391 0.8120805369127517 149
1778926273239 0.82 150
1778926273901 0.8278145695364238 151
1778926274225 0.8289473684210527 152
1778926274831 0.8366013071895425 153
1778926275890 0.8571428571428571 154
1778926276323 0.8580645161290322 155
1778926277097 0.8782051282051282 156
1778926277331 0.8789808917197452 157
1778926277591 0.8860759493670886 158
1778926278383 0.8867924528301887 159
1778926282015 0.8875 160
1778926282466 0.8881987577639752 161
1778926282785 0.8888888888888888 162
1778926283066 0.8895705521472392 163
1778926283592 0.8963414634146342 164
1778926284024 0.896969696969697 165
1778926284267 0.9036144578313253 166
1778926284645 0.9041916167664671 167
1778926286045 0.9285714285714286 168
1778926286547 0.9349112426035503 169
1778926286731 0.9352941176470588 170
1778926287413 0.9473684210526315 171
1778926287760 0.9534883720930233 172
1778926288716 0.976878612716763 173
1778926289159 0.9770114942528736 174
1778926289643 0.9828571428571429 175
1778926289963 0.9886363636363636 176
1778926290308 0.9830508474576272 177
1778926291364 0.9943820224719101 178
1778926291963 0.994413407821229 179
1778926292434 1.0 180
1778926292806 1.0 181
1778926293259 1.010989010989011 182
1778926294133 1.0218579234972678 183
1778926294948 1.0271739130434783 184
1778926295118 1.027027027027027 185
1778926295479 1.032258064516129 186
1778926296496 1.0427807486631016 187
1778926297428 1.047872340425532 188
1778926297997 1.0582010582010581 189
1778926298246 1.0578947368421052 190
1778926298757 1.068062827225131 191
1778926299492 1.078125 192
1778926300208 1.077720207253886 193
1778926300462 1.0824742268041236 194
1778926300955 1.082051282051282 195
1778926301370 1.0816326530612246 196
1778926301913 1.0862944162436547 197
1778926303014 1.095959595959596 198
1778926303540 1.1055276381909547 199
1778926303969 1.11 200
1778926304787 1.1194029850746268 201
1778926304906 1.118811881188119 202
1778926305104 1.1182266009852218 203
1778926305390 1.1323529411764706 204
1778926306113 1.1512195121951219 205
1778926306498 1.1553398058252426 206
1778926306963 1.1642512077294687 207
1778926307473 1.1634615384615385 208
1778926308136 1.1722488038277512 209
1778926308547 1.1714285714285715 210
1778926308862 1.1706161137440758 211
1778926309718 1.179245283018868 212
1778926309988 1.1784037558685445 213
1778926310383 1.1822429906542056 214
1778926311411 1.2186046511627906 215
1778926312136 1.2222222222222223 216
1778926312303 1.2211981566820276 217
1778926313239 1.2293577981651376 218
1778926313471 1.2283105022831051 219
1778926314024 1.2363636363636363 220
1778926314570 1.253393665158371 221
1778926315901 1.2792792792792793 222
1778926316630 1.2825112107623318 223
1778926318305 1.3125 224
1778926319535 1.3333333333333333 225
1778926319697 1.331858407079646 226
1778926320022 1.330396475770925 227
1778926321019 1.3421052631578947 228
1778926321810 1.3493449781659388 229
1778926322561 1.3565217391304347 230
1778926322845 1.354978354978355 231
1778926324260 1.3793103448275863 232
1778926324838 1.3819742489270386 233
1778926325923 1.3888888888888888 234
1778926326518 1.3914893617021276 235
1778926327277 1.3983050847457628 236
1778926328062 1.409282700421941 237
1778926328171 1.4075630252100841 238
1778926328999 1.4184100418410042 239
1778926329734 1.4208333333333334 240
1778926329941 1.4190871369294606 241
1778926330326 1.4173553719008265 242
1778926330698 1.4156378600823045 243
1778926330868 1.4139344262295082 244
1778926332391 1.4285714285714286 245
1778926332583 1.4268292682926829 246
1778926332802 1.4251012145748987 247
1778926333075 1.4193548387096775 248
1778926334165 1.4377510040160641 249
1778926335595 1.468 250
1778926335774 1.4661354581673307 251
1778926336042 1.4603174603174602 252
1778926337041 1.4703557312252964 253
1778926337457 1.4724409448818898 254
1778926338814 1.4862745098039216 255
1778926338993 1.484375 256
1778926340806 1.5019455252918288 257
1778926341387 1.5 258
1778926341799 1.505791505791506 259
1778926342339 1.5115384615384615 260
1778926342688 1.5095785440613028 261
1778926342976 1.5038167938931297 262
1778926343319 1.505703422053232 263
1778926343590 1.503787878787879 264
1778926343792 1.5018867924528303 265
1778926344279 1.5075187969924813 266
1778926346214 1.5243445692883895 267
1778926347382 1.544776119402985 268
1778926347631 1.5390334572490707 269
1778926348168 1.5407407407407407 270
1778926348334 1.5350553505535056 271
1778926348819 1.536764705882353 272
1778926349215 1.5421245421245422 273
1778926351646 1.5802919708029197 274
1778926351912 1.5781818181818181 275
1778926352136 1.576086956521739 276
1778926353097 1.5884476534296028 277
1778926354321 1.6079136690647482 278
1778926354736 1.6093189964157706 279
1778926356827 1.6464285714285714 280
1778926358071 1.6548042704626333 281
1778926358527 1.6560283687943262 282
1778926358832 1.6537102473498233 283
1778926360256 1.6619718309859155 284
1778926360737 1.6596491228070176 285
1778926361513 1.6608391608391608 286
1778926364541 1.6898954703832754 287
1778926365857 1.7083333333333333 288
1778926366132 1.7058823529411764 289
1778926367320 1.717241379310345 290
1778926368519 1.731958762886598 291
1778926369066 1.7397260273972603 292
1778926369523 1.7406143344709897 293
1778926369816 1.7380952380952381 294
1778926370762 1.7491525423728813 295
1778926371267 1.75 296
1778926371675 1.7508417508417509 297
1778926372538 1.75503355704698 298
1778926372720 1.7525083612040133 299
1778926372987 1.75 300
1778926373299 1.7475083056478404 301
1778926373760 1.7516556291390728 302
1778926374712 1.7557755775577557 303
1778926375022 1.7532894736842106 304
1778926376690 1.7672131147540984 305
1778926377200 1.7712418300653594 306
1778926377810 1.768729641693811 307
1778926379619 1.7987012987012987 308
1778926382111 1.831715210355987 309
1778926382352 1.8290322580645162 310
1778926382565 1.8263665594855305 311
1778926383581 1.8333333333333333 312
1778926384561 1.840255591054313 313
1778926384913 1.8375796178343948 314
1778926386028 1.8476190476190477 315
1778926386444 1.8449367088607596 316
1778926388453 1.864353312302839 317
1778926388621 1.8616352201257862 318
1778926389954 1.8746081504702194 319
1778926390352 1.871875 320
1778926390838 1.8722741433021808 321
1778926392929 1.8944099378881987 322
1778926393843 1.9040247678018576 323
1778926396773 1.9475308641975309 324
1778926398702 1.956923076923077 325
1778926398948 1.9539877300613497 326
1778926401322 1.981651376146789 327
1778926402027 1.9878048780487805 328
1778926403146 2.0 329
1778926403509 1.996969696969697 330
1778926404158 1.9939577039274925 331
1778926406811 2.0421686746987953 332
1778926407273 2.045045045045045 333
1778926408411 2.0508982035928143 334
1778926410389 2.080597014925373 335
1778926410633 2.0773809523809526 336
1778926410865 2.0741839762611276 337
1778926411345 2.076923076923077 338
1778926414973 2.117994100294985 339
1778926415487 2.1176470588235294 340
1778926415555 2.1143695014662756 341
1778926416512 2.1228070175438596 342
1778926417291 2.1253644314868803 343
1778926417996 2.130813953488372 344
1778926418539 2.1333333333333333 345
1778926418653 2.1300578034682083 346
1778926419355 2.1354466858789625 347
1778926419598 2.132183908045977 348
1778926420230 2.134670487106017 349
1778926421098 2.137142857142857 350
1778926423019 2.156695156695157 351
1778926423345 2.15625 352
1778926423922 2.1558073654390935 353
1778926424115 2.1553672316384183 354
1778926425323 2.1633802816901406 355
1778926426492 2.1769662921348316 356
1778926427789 2.1904761904761907 357
1778926428431 2.189944134078212 358
1778926429882 2.203342618384401 359
1778926431787 2.2194444444444446 360
1778926432018 2.21606648199446 361
1778926433556 2.234806629834254 362
1778926435310 2.253443526170799 363
1778926435507 2.25 364
1778926435958 2.249315068493151 365
1778926436398 2.2459016393442623 366
1778926437337 2.2534059945504086 367
1778926437801 2.25 368
1778926439407 2.268292682926829 369
1778926440035 2.27027027027027 370
1778926442426 2.3045822102425877 371
1778926442646 2.3010752688172045 372
1778926442968 2.297587131367292 373
1778926443626 2.299465240641711 374
1778926444717 2.3146666666666667 375
1778926448397 2.351063829787234 376
1778926449708 2.3554376657824934 377
1778926450246 2.3518518518518516 378
1778926450473 2.3482849604221636 379
1778926451935 2.357894736842105 380
1778926453973 2.377952755905512 381
1778926454497 2.3769633507853403 382
1778926454655 2.373368146214099 383
1778926455674 2.3802083333333335 384
1778926457669 2.4 385
1778926459545 2.411917098445596 386
1778926461419 2.4211886304909562 387
1778926463248 2.4381443298969074 388
1778926464967 2.455012853470437 389
1778926465647 2.458974358974359 390
1778926465863 2.455242966751918 391
1778926466229 2.451530612244898 392
1778926468330 2.4656488549618323 393
1778926468841 2.467005076142132 394
1778926472201 2.4962025316455696 395
1778926474921 2.5277777777777777 396
1778926477608 2.5415617128463475 397
1778926477909 2.5376884422110555 398
1778926478798 2.5388471177944862 399
1778926480007 2.5475 400
1778926481170 2.5536159600997506 401
1778926483356 2.5696517412935322 402
1778926483611 2.56575682382134 403
1778926485264 2.5816831683168315 404
1778926485492 2.577777777777778 405
1778926486047 2.5763546798029555 406
1778926486255 2.5724815724815726 407
1778926487441 2.5808823529411766 408
1778926488316 2.5819070904645476 409
1778926488769 2.578048780487805 410
1778926489717 2.579075425790754 411
1778926490658 2.5849514563106797 412
1778926491272 2.583535108958838 413
1778926494181 2.6135265700483092 414
1778926496526 2.633734939759036 415
1778926496737 2.6298076923076925 416
1778926498246 2.6354916067146283 417
1778926499973 2.645933014354067 418
1778926500405 2.6467780429594274 419
1778926500742 2.642857142857143 420
1778926501677 2.65083135391924 421
1778926504823 2.675355450236967 422
1778926506436 2.685579196217494 423
1778926507365 2.688679245283019 424
1778926509203 2.7058823529411766 425
1778926509717 2.704225352112676 426
1778926512583 2.7423887587822016 427
1778926513996 2.7523364485981308 428
1778926514543 2.7505827505827507 429
1778926518376 2.786046511627907 430
1778926520046 2.8074245939675175 431
1778926521021 2.814814814814815 432
1778926521320 2.810623556581986 433
1778926522269 2.8087557603686637 434
1778926523071 2.811494252873563 435
1778926523444 2.8073394495412844 436
1778926527090 2.8329519450800915 437
1778926534118 2.8858447488584473 438
1778926535193 2.888382687927107 439
1778926535396 2.8863636363636362 440
1778926536580 2.8979591836734695 441
1778926536936 2.8981900452488687 442
1778926540366 2.930022573363431 443
1778926542444 2.9527027027027026 444
1778926543245 2.955056179775281 445
1778926544258 2.9618834080717487 446
1778926546494 2.982102908277405 447
1778926547482 2.986607142857143 448
1778926551085 3.022271714922049 449
1778926551385 3.022222222222222 450
1778926554122 3.0443458980044347 451
1778926555894 3.0553097345132745 452
1778926557793 3.0706401766004414 453
1778926561828 3.107929515418502 454
1778926562727 3.1076923076923078 455
1778926564239 3.116228070175439 456
1778926569529 3.159737417943107 457
1778926570482 3.1593886462882095 458
1778926571691 3.167755991285403 459
1778926572219 3.1652173913043478 460
1778926573092 3.1670281995661607 461
1778926573953 3.173160173160173 462
1778926575442 3.185745140388769 463
1778926578618 3.209051724137931 464
1778926580094 3.2236559139784946 465
1778926580986 3.223175965665236 466
1778926581220 3.2184154175588864 467
1778926585408 3.2585470085470085 468
1778926585806 3.253731343283582 469
1778926588759 3.2893617021276595 470
1778926591136 3.3121019108280256 471
1778926595253 3.347457627118644 472
1778926595771 3.346723044397463 473
1778926598229 3.367088607594937 474
1778926599981 3.376842105263158 475
1778926601036 3.384453781512605 476
1778926602838 3.39832285115304 477
1778926603023 3.3953974895397487 478
1778926604166 3.4029227557411272 479
1778926607081 3.433333333333333 480
1778926609717 3.457380457380457 481
1778926611915 3.4730290456431536 482
1778926613079 3.4761904761904763 483
1778926615780 3.5041322314049586 484
1778926618967 3.5298969072164947 485
1778926619089 3.5246913580246915 486
1778926621254 3.5359342915811087 487
1778926624205 3.555327868852459 488
1778926625523 3.558282208588957 489
1778926627491 3.5755102040816324 490
1778926627754 3.574338085539715 491
1778926628459 3.5772357723577235 492
1778926629754 3.586206896551724 493
1778926631004 3.603238866396761 494
1778926632067 3.61010101010101 495
1778926632222 3.6048387096774195 496
1778926632641 3.6036217303822937 497
1778926634595 3.6265060240963853 498
1778926634755 3.62124248496994 499
1778926635811 3.626 500
1778926637889 3.6347305389221556 501
1778926639414 3.651394422310757 502
1778926641572 3.673956262425447 503
1778926643798 3.6944444444444446 504
1778926644373 3.6930693069306932 505
1778926648197 3.7233201581027666 506
1778926650969 3.7455621301775146 507
1778926652796 3.763779527559055 508
1778926654822 3.781925343811395 509
1778926658421 3.8137254901960786 510
1778926658938 3.812133072407045 511
1778926662050 3.845703125 512
1778926664593 3.861598440545809 513
1778926664920 3.857976653696498 514
1778926666868 3.8737864077669903 515
1778926669699 3.885658914728682 516
1778926672575 3.90715667311412 517
1778926674947 3.9150579150579152 518
1778926676933 3.930635838150289 519
1778926680053 3.953846153846154 520
1778926680501 3.950095969289827 521
1778926681509 3.9521072796934864 522
1778926685919 3.982791586998088 523
1778926693784 4.038167938931298 524
1778926695347 4.043809523809524 525
1778926695718 4.0399239543726235 526
1778926696986 4.045540796963947 527
1778926698751 4.058712121212121 528
1778926702149 4.090737240075614 529
1778926703157 4.090566037735849 530
1778926705529 4.105461393596987 531
1778926707427 4.114661654135339 532
1778926708496 4.118198874296435 533
1778926711621 4.147940074906367 534
1778926712387 4.151401869158878 535
1778926712935 4.149253731343284 536
1778926714793 4.1638733705772815 537
1778926715207 4.161710037174721 538
1778926718488 4.194805194805195 539
1778926719627 4.20925925925926 540
1778926720459 4.21626617375231 541
1778926721442 4.2250922509225095 542
1778926724297 4.250460405156538 543
1778926725060 4.255514705882353 544
1778926725309 4.251376146788991 545
1778926731816 4.302197802197802 546
1778926735329 4.329067641681902 547
1778926735520 4.322992700729927 548
1778926745518 4.38615664845173 549
1778926753093 4.430909090909091 550
1778926754469 4.43557168784029 551
1778926755450 4.434782608695652 552
1778926758516 4.459312839059675 553
1778926759566 4.46028880866426 554
1778926760565 4.464864864864865 555
1778926761153 4.462230215827338 556
1778926764887 4.497307001795332 557
1778926768701 4.528673835125448 558
1778926771856 4.558139534883721 559
1778926772204 4.553571428571429 560
1778926773099 4.55614973262032 561
1778926773342 4.549822064056939 562
1778926775694 4.568383658969805 563
1778926780218 4.6046099290780145 564
1778926782029 4.6070796460176995 565
1778926788160 4.648409893992933 566
1778926789801 4.656084656084656 567
1778926790554 4.654929577464789 568
1778926794752 4.69244288224956 569
1778926799318 4.726315789473684 570
1778926803077 4.754816112084063 571
1778926807094 4.777972027972028 572
1778926808440 4.783595113438046 573
1778926809019 4.7822299651567945 574
1778926811404 4.798260869565217 575
1778926814113 4.817708333333333 576
1778926818528 4.8422876949740035 577
1778926824037 4.882352941176471 578
1778926827544 4.903281519861831 579
1778926828655 4.905172413793103 580
1778926830897 4.919104991394148 581
1778926834484 4.938144329896907 582
1778926841569 4.984562607204117 583
1778926845819 5.013698630136986 584
1778926846336 5.011965811965812 585
1778926848802 5.030716723549488 586
1778926850525 5.042589437819421 587
1778926854446 5.074829931972789 588
1778926854821 5.071307300509337 589
1778926855065 5.064406779661017 590
1778926858119 5.084602368866328 591
1778926862814 5.121621621621622 592
1778926866596 5.139966273187184 593
1778926872207 5.173400673400673 594
1778926874690 5.18655462184874 595
1778926877112 5.194630872483222 596
1778926881372 5.227805695142378 597
1778926884808 5.259197324414716 598
1778926887737 5.290484140233723 599
1778926889684 5.31 600
1778926893270 5.336106489184692 601
1778926895875 5.358803986710964 602
1778926898804 5.383084577114428 603
1778926902935 5.420529801324503 604
1778926903717 5.419834710743801 605
1778926907940 5.445544554455446 606
1778926908550 5.438220757825371 607
1778926909177 5.432565789473684 608
1778926911762 5.448275862068965 609
1778926913827 5.460655737704918 610
1778926915949 5.471358428805237 611
1778926917115 5.473856209150327 612
1778926920989 5.500815660685155 613
1778926922923 5.511400651465798 614
1778926927037 5.541463414634146 615
1778926928486 5.548701298701299 616
1778926932912 5.578606158833063 617
1778926935549 5.590614886731392 618
1778926937326 5.596122778675283 619
1778926940508 5.608064516129033 620
1778926947135 5.647342995169082 621
1778926952868 5.673633440514469 622
1778926955341 5.688603531300161 623
1778926958482 5.700320512820513 624
1778926965256 5.7344 625
1778926968901 5.7507987220447285 626
1778926976370 5.794258373205742 627
1778926979358 5.805732484076433 628
1778926981549 5.8124006359300475 629
1778926991988 5.86031746031746 630
1778926993428 5.858954041204437 631
1778926997962 5.879746835443038 632
1778926998933 5.875197472353871 633
1778927002575 5.89589905362776 634
1778927002964 5.889763779527559 635
1778927008258 5.918238993710692 636
1778927010216 5.923076923076923 637
1778927015687 5.948275862068965 638
1778927021227 5.976525821596244 639
1778927027099 5.996875 640
1778927032352 6.026521060842434 641
1778927037127 6.049844236760125 642
1778927041964 6.057542768273717 643
1778927047357 6.077639751552795 644
1778927049214 6.080620155038759 645
1778927051462 6.085139318885449 646
1778927057595 6.108191653786708 647
1778927065146 6.1342592592592595 648
1778927066525 6.130970724191063 649
1778927070420 6.141538461538461 650
1778927077382 6.161290322580645 651
1778927082461 6.170245398773006 652
1778927085307 6.173047473200612 653
1778927087117 6.169724770642202 654
1778927090415 6.1740458015267174 655
1778927096645 6.2057926829268295 656
1778927103888 6.225266362252664 657
1778927106261 6.22644376899696 658
1778927112531 6.242792109256449 659
1778927122230 6.274242424242424 660
1778927127697 6.295007564296521 661
1778927137041 6.332326283987915 662
1778927142932 6.352941176470588 663
1778927145103 6.352409638554217 664
1778927155305 6.396992481203007 665
1778927157933 6.403903903903904 666
1778927164887 6.437781109445277 667
1778927175528 6.470059880239521 668
1778927175761 6.461883408071749 669
1778927183069 6.491044776119403 670
1778927191404 6.523099850968704 671
1778927198396 6.5461309523809526 672
1778927202927 6.566121842496285 673
1778927207783 6.577151335311573 674
1778927215642 6.597037037037037 675
1778927217881 6.594674556213017 676
1778927222465 6.605612998522895 677
1778927229326 6.622418879056047 678
1778927232560 6.630338733431517 679
1778927237157 6.6382352941176475 680
1778927250390 6.687224669603524 681
1778927255656 6.702346041055718 682
1778927261995 6.726207906295754 683
1778927269719 6.754385964912281 684
1778927274108 6.764963503649635 685
1778927274825 6.75801749271137 686
1778927286456 6.806404657933042 687
1778927289007 6.815406976744186 688
1778927293481 6.833091436865022 689
1778927300069 6.856521739130435 690
1778927308741 6.890014471780029 691
1778927316785 6.933526011560693 692
1778927328992 6.984126984126984 693
1778927329708 6.979827089337176 694
1778927337425 7.0 695
1778927342029 7.017241379310345 696
1778927356130 7.068866571018652 697
1778927363818 7.106017191977077 698
1778927366146 7.105865522174535 699
1778927369760 7.115714285714286 700
1778927381204 7.161198288159771 701
1778927385940 7.1752136752136755 702
1778927394875 7.203413940256046 703
1778927403082 7.2272727272727275 704
1778927404789 7.229787234042553 705
1778927408306 7.236543909348442 706
1778927415039 7.265912305516266 707
1778927415924 7.259887005649717 708
1778927421523 7.279266572637518 709
1778927429184 7.304225352112676 710
1778927437634 7.336146272855133 711
1778927451290 7.39185393258427 712
1778927456474 7.399719495091164 713
1778927459675 7.397759103641457 714
1778927466229 7.413986013986014 715
1778927475786 7.439944134078212 716
1778927478256 7.442119944211995 717
1778927485785 7.4735376044568245 718
1778927495434 7.510431154381084 719
1778927499838 7.523611111111111 720
1778927506609 7.55617198335645 721
1778927513274 7.580332409972299 722
1778927517204 7.587828492392807 723
1778927521659 7.599447513812155 724
1778927528379 7.623448275862069 725
1778927546044 7.692837465564739 726
1778927551647 7.713892709766163 727
1778927558850 7.740384615384615 728
1778927565055 7.761316872427984 729
1778927570855 7.778082191780822 730
1778927575529 7.794801641586868 731
1778927579707 7.808743169398907 732
1778927580923 7.800818553888131 733
1778927584538 7.805177111716621 734
1778927585810 7.798639455782313 735
1778927587838 7.797554347826087 736
1778927589936 7.799185888738127 737
1778927599939 7.8346883468834685 738
1778927601295 7.832205683355887 739
1778927606683 7.85 740
1778927618170 7.8798920377867745 741
1778927622552 7.888140161725067 742
1778927624790 7.885598923283984 743
1778927632218 7.905913978494624 744
1778927640762 7.932885906040268 745
1778927643912 7.945040214477212 746
1778927646694 7.947791164658635 747
1778927656818 7.991978609625669 748
1778927661442 8.001335113484647 749
1778927671615 8.032 750
1778927681642 8.062583222370174 751
1778927685056 8.071808510638299 752
1778927690374 8.08100929614874 753
1778927701977 8.111405835543767 754
1778927706713 8.120529801324503 755
1778927713313 8.140211640211641 756
1778927727769 8.184940554821665 757
1778927737915 8.217678100263852 758
1778927744738 8.234519104084322 759
1778927750110 8.246052631578948 760
1778927754456 8.254927726675428 761
1778927760931 8.271653543307087 762
1778927770805 8.305373525557012 763
1778927774187 8.307591623036648 764
1778927783225 8.337254901960785 765
1778927788050 8.349869451697128 766
1778927788586 8.342894393741851 767
1778927798117 8.368489583333334 768
1778927812065 8.421326397919376 769
1778927822633 8.463636363636363 770
1778927828763 8.482490272373541 771
1778927839052 8.512953367875648 772
1778927846779 8.535575679172057 773
1778927852016 8.551679586563308 774
1778927856083 8.56 775
1778927864419 8.579896907216495 776
1778927866384 8.58043758043758 777
1778927873485 8.59254498714653 778
1778927874092 8.582798459563543 779
1778927884343 8.62051282051282 780
1778927894975 8.655569782330346 781
1778927900687 8.67007672634271 782
1778927912266 8.698595146871009 783
1778927917433 8.713010204081632 784
1778927921843 8.723566878980892 785
1778927927160 8.732824427480915 786
1778927933387 8.743329097839899 787
1778927942106 8.77284263959391 788
1778927948779 8.785804816223067 789
1778927954444 8.802531645569621 790
1778927968024 8.84323640960809 791
1778927976662 8.868686868686869 792
1778927979935 8.872635561160152 793
1778927987393 8.889168765743072 794
1778927998362 8.91194968553459 795
1778928010923 8.933417085427136 796
1778928025421 8.971141781681306 797
1778928031705 8.992481203007518 798
1778928037978 9.005006257822277 799
1778928047151 9.02625 800
1778928056154 9.053682896379526 801
1778928066767 9.087281795511222 802
1778928072323 9.105853051058531 803
1778928078538 9.114427860696518 804
1778928090472 9.159006211180124 805
1778928095403 9.168734491315137 806
1778928114791 9.224287484510533 807
1778928117404 9.221534653465346 808
1778928118334 9.213844252163165 809
1778928133446 9.251851851851852 810
1778928136179 9.254007398273735 811
1778928145405 9.280788177339902 812
1778928150792 9.287822878228782 813
1778928156718 9.297297297297296 814
1778928161838 9.305521472392638 815
1778928163105 9.302696078431373 816
1778928169361 9.321909424724602 817
1778928176996 9.339853300733497 818
1778928184699 9.35897435897436 819
1778928201417 9.396341463414634 820
1778928207534 9.405602923264311 821
1778928214123 9.418491484184916 822
1778928228157 9.454434993924666 823
1778928235754 9.473300970873787 824
1778928254073 9.517575757575758 825
1778928259573 9.527845036319613 826
1778928270037 9.54776299879081 827
1778928271467 9.543478260869565 828
1778928283412 9.568154402895054 829
1778928288325 9.573493975903615 830
1778928293487 9.580024067388688 831
1778928293919 9.569711538461538 832
1778928300402 9.57623049219688 833
1778928307242 9.594724220623501 834
1778928318549 9.619161676646707 835
1778928324749 9.623205741626794 836
1778928335229 9.646356033452808 837
1778928341720 9.659904534606206 838
1778928348478 9.6746126340882 839
1778928356062 9.682142857142857 840
1778928364214 9.70154577883472 841
1778928373808 9.720902612826603 842
1778928386798 9.752075919335706 843
1778928396910 9.768957345971565 844
1778928398769 9.763313609467456 845
1778928407291 9.784869976359339 846
1778928417670 9.805194805194805 847
1778928432543 9.840801886792454 848
1778928442793 9.86336866902238 849
1778928452417 9.884705882352941 850
1778928464114 9.90834312573443 851
1778928479692 9.948356807511738 852
1778928488056 9.966002344665885 853
1778928492188 9.966042154566745 854
1778928498299 9.974269005847953 855
1778928505657 9.98948598130841 856
1778928507806 9.988331388564761 857
1778928514841 9.9988344988345 858
1778928519723 10.0069848661234 859
1778928533037 10.032558139534883 860
1778928533917 10.025551684088269 861
1778928540027 10.033642691415313 862
1778928550569 10.055619930475087 863
1778928556939 10.065972222222221 864
1778928567280 10.080924855491329 865
1778928572316 10.081986143187066 866
1778928588324 10.114186851211073 867
1778928593167 10.118663594470046 868
1778928598056 10.12313003452244 869
1778928609244 10.142528735632183 870
1778928625793 10.17910447761194 871
1778928635614 10.200688073394495 872
1778928642715 10.211912943871706 873
1778928646260 10.21395881006865 874
1778928656787 10.237714285714286 875
1778928661905 10.242009132420092 876
1778928668934 10.254275940706956 877
1778928680367 10.275626423690206 878
1778928691217 10.28896473265074 879
1778928705200 10.313636363636364 880
1778928712384 10.322360953461976 881
1778928724910 10.350340136054422 882
1778928725230 10.338618346545866 883
1778928732370 10.34841628959276 884
1778928745419 10.370621468926554 885
1778928756947 10.39841986455982 886
1778928764113 10.414881623449832 887
1778928774485 10.43581081081081 888
1778928781419 10.451068616422948 889
1778928788448 10.474157303370786 890
1778928793578 10.489337822671157 891
1778928797052 10.5 892
1778928801455 10.509518477043674 893
1778928812481 10.531319910514542 894
1778928815509 10.529608938547486 895
1778928828258 10.555803571428571 896
1778928841788 10.58082497212932 897
1778928845193 10.584632516703786 898
1778928846882 10.579532814238043 899
1778928848916 10.577777777777778 900
1778928859431 10.600443951165373 901
1778928868609 10.620842572062084 902
1778928874321 10.624584717607974 903
1778928878390 10.626106194690266 904
1778928882174 10.628729281767956 905
1778928902985 10.67991169977925 906
1778928910797 10.695700110253583 907
1778928920989 10.72136563876652 908
1778928932109 10.742574257425742 909
1778928934365 10.742857142857142 910
1778928939100 10.750823271130626 911
1778928946505 10.766447368421053 912
1778928948522 10.764512595837896 913
1778928955554 10.781181619256017 914
1778928959079 10.779234972677596 915
1778928972042 10.801310043668122 916
1778928989145 10.834242093784079 917
1778928992735 10.837690631808279 918
1778929004118 10.85854189336235 919
1778929013607 10.875 920
1778929030470 10.904451682953312 921
1778929055458 10.954446854663775 922
1778929070591 10.983748645720476 923
1778929082919 11.004329004329005 924
1778929093594 11.03135135135135 925
1778929107217 11.063714902807776 926
1778929108004 11.056094929881338 927
1778929111159 11.058189655172415 928
1778929123824 11.080731969860064 929
1778929132455 11.097849462365591 930
1778929141463 11.11922663802363 931
1778929150229 11.1362660944206 932
1778929156911 11.15005359056806 933
1778929166197 11.16595289079229 934
1778929175971 11.183957219251337 935
1778929185779 11.206196581196581 936
1778929198817 11.240128068303095 937
1778929211881 11.275053304904052 938
1778929215241 11.2790202342918 939
1778929218724 11.275531914893618 940
1778929231471 11.302869287991498 941
1778929237849 11.313163481953291 942
1778929245981 11.332979851537646 943
1778929253423 11.348516949152541 944
1778929259035 11.353439153439153 945
1778929270916 11.376321353065538 946
1778929289494 11.41182682154171 947
1778929299711 11.432489451476794 948
1778929307409 11.447839831401476 949
1778929316979 11.462105263157895 950
1778929327026 11.482649842271293 951
1778929341526 11.51155462184874 952
1778929359561 11.545645330535152 953
1778929369580 11.562893081761006 954
1778929371549 11.56020942408377 955
1778929383989 11.587866108786612 956
1778929393420 11.60710553814002 957
1778929399151 11.608559498956158 958
1778929399514 11.598540145985401 959
1778929410486 11.616666666666667 960
1778929421560 11.634755463059314 961
1778929434558 11.65904365904366 962
1778929438911 11.659397715472481 963
1778929442529 11.657676348547717 964
1778929454428 11.675647668393783 965
1778929455440 11.665631469979296 966
1778929465056 11.683557394002069 967
1778929471274 11.691115702479339 968
1778929480265 11.706914344685243 969
1778929486966 11.715463917525772 970
1778929492508 11.720906282183316 971
1778929497380 11.72633744855967 972
1778929503669 11.73792394655704 973
1778929515711 11.772073921971252 974
1778929532922 11.80923076923077 975
1778929542950 11.82889344262295 976
1778929546524 11.82906857727738 977
1778929557140 11.84560327198364 978
1778929568040 11.86414708886619 979
1778929578552 11.881632653061224 980
1778929581997 11.880733944954128 981
1778929582314 11.868635437881874 982
1778929590697 11.87792472024415 983
1778929598121 11.882113821138212 984
1778929609218 11.904568527918782 985
1778929623680 11.935091277890466 986
1778929633051 11.959473150962513 987
1778929639560 11.973684210526315 988
1778929647069 11.989888776541962 989
1778929650743 11.98989898989899 990
1778929670707 12.023208879919274 991
1778929682683 12.043346774193548 992
1778929687528 12.050352467270896 993
1778929696835 12.06338028169014 994
1778929702938 12.073366834170855 995
1778929710882 12.083333333333334 996
1778929713039 12.080240722166499 997
1778929726071 12.105210420841683 998
1778929727449 12.095095095095095 999
1778929733017 12.103 1000
