1778926207203 119.0 1
1778926207204 174.0 2
1778926207206 247.0 3
1778926207210 333.0 4
1778926207218 537.0 5
1778926207220 565.0 6
1778926207223 603.0 7
1778926207227 684.0 8
1778926207230 723.0 9
1778926207233 760.0 10
1778926207238 849.0 11
1778926207242 933.0 12
1778926207244 954.0 13
1778926208181 1158.0 14
1778926208425 1202.0 15
1778926208946 1303.0 16
1778926209367 1385.0 17
1778926209717 1454.0 18
1778926209879 1485.0 19
1778926212085 1886.0 20
1778926214253 2249.0 21
1778926214927 2356.0 22
1778926215062 2377.0 23
1778926216802 2635.0 24
1778926216929 2654.0 25
1778926217625 2762.0 26
1778926218013 2821.0 27
1778926218385 2878.0 28
1778926218791 2941.0 29
1778926219541 3060.0 30
1778926219895 3116.0 31
1778926220384 3193.0 32
1778926220651 3235.0 33
1778926220852 3264.0 34
1778926221383 3341.0 35
1778926221871 3413.0 36
1778926222415 3500.0 37
1778926222660 3540.0 38
1778926222878 3576.0 39
1778926223098 3608.0 40
1778926223546 3662.0 41
1778926224215 3744.0 42
1778926224951 3830.0 43
1778926225566 3895.0 44
1778926227814 4164.0 45
1778926228161 4206.0 46
1778926228381 4233.0 47
1778926228892 4293.0 48
1778926229792 4362.0 49
1778926230869 4479.0 50
1778926231088 4505.0 51
1778926231649 4574.0 52
1778926232116 4619.0 53
1778926232757 4693.0 54
1778926233329 4756.0 55
1778926234233 4850.0 56
1778926234576 4884.0 57
1778926235563 4987.0 58
1778926236117 5046.0 59
1778926236536 5091.0 60
1778926237566 5179.0 61
1778926238994 5323.0 62
1778926240095 5442.0 63
1778926240316 5467.0 64
1778926240998 5540.0 65
1778926241386 5579.0 66
1778926242241 5669.0 67
1778926242575 5709.0 68
1778926243007 5762.0 69
1778926243683 5846.0 70
1778926244063 5892.0 71
1778926244393 5929.0 72
1778926244987 5991.0 73
1778926245954 6103.0 74
1778926246206 6132.0 75
1778926246404 6156.0 76
1778926246616 6182.0 77
1778926247218 6257.0 78
1778926247596 6298.0 79
1778926247978 6345.0 80
1778926248437 6404.0 81
1778926248905 6470.0 82
1778926249251 6515.0 83
1778926249525 6556.0 84
1778926249755 6590.0 85
1778926249938 6618.0 86
1778926250094 6642.0 87
1778926250446 6688.0 88
1778926250873 6744.0 89
1778926251292 6808.0 90
1778926251497 6837.0 91
1778926252067 6918.0 92
1778926252849 7023.0 93
1778926253285 7083.0 94
1778926254364 7242.0 95
1778926254555 7269.0 96
1778926254840 7312.0 97
1778926255610 7398.0 98
1778926255959 7445.0 99
1778926256273 7486.0 100
1778926256759 7541.0 101
1778926257433 7621.0 102
1778926257589 7640.0 103
1778926257926 7681.0 104
1778926258103 7702.0 105
1778926258891 7791.0 106
1778926259195 7833.0 107
1778926259494 7867.0 108
1778926259885 7911.0 109
1778926260279 7957.0 110
1778926260587 7993.0 111
1778926261099 8041.0 112
1778926261811 8129.0 113
1778926262064 8165.0 114
1778926262338 8202.0 115
1778926262602 8240.0 116
1778926263213 8327.0 117
1778926263335 8344.0 118
1778926263929 8427.0 119
1778926264111 8453.0 120
1778926264300 8480.0 121
1778926264518 8511.0 122
1778926264845 8557.0 123
1778926265285 8619.0 124
1778926265608 8666.0 125
1778926265713 8681.0 126
1778926265939 8712.0 127
1778926266341 8768.0 128
1778926266516 8794.0 129
1778926267076 8879.0 130
1778926267247 8904.0 131
1778926267396 8926.0 132
1778926267681 8970.0 133
1778926268024 9022.0 134
1778926268262 9058.0 135
1778926268861 9151.0 136
1778926269339 9204.0 137
1778926269675 9244.0 138
1778926269889 9264.0 139
1778926270159 9295.0 140
1778926270530 9351.0 141
1778926270844 9397.0 142
1778926271062 9430.0 143
1778926271260 9460.0 144
1778926271534 9502.0 145
1778926271586 9510.0 146
1778926271859 9552.0 147
1778926272172 9599.0 148
1778926272391 9631.0 149
1778926273239 9720.0 150
1778926273901 9777.0 151
1778926274225 9812.0 152
1778926274831 9876.0 153
1778926275890 9989.0 154
1778926276323 10024.0 155
1778926277097 10109.0 156
1778926277331 10134.0 157
1778926277591 10162.0 158
1778926278383 10211.0 159
1778926282015 10253.0 160
1778926282466 10288.0 161
1778926282785 10326.0 162
1778926283066 10361.0 163
1778926283592 10428.0 164
1778926284024 10478.0 165
1778926284267 10508.0 166
1778926284645 10558.0 167
1778926286045 10690.0 168
1778926286547 10749.0 169
1778926286731 10771.0 170
1778926287413 10844.0 171
1778926287760 10873.0 172
1778926288716 10977.0 173
1778926289159 11022.0 174
1778926289643 11071.0 175
1778926289963 11104.0 176
1778926290308 11141.0 177
1778926291364 11260.0 178
1778926291963 11325.0 179
1778926292434 11379.0 180
1778926292806 11419.0 181
1778926293259 11471.0 182
1778926294133 11571.0 183
1778926294948 11666.0 184
1778926295118 11686.0 185
1778926295479 11729.0 186
1778926296496 11852.0 187
1778926297428 11966.0 188
1778926297997 12035.0 189
1778926298246 12065.0 190
1778926298757 12126.0 191
1778926299492 12214.0 192
1778926300208 12299.0 193
1778926300462 12328.0 194
1778926300955 12387.0 195
1778926301370 12436.0 196
1778926301913 12500.0 197
1778926303014 12626.0 198
1778926303540 12687.0 199
1778926303969 12737.0 200
1778926304787 12831.0 201
1778926304906 12845.0 202
1778926305104 12868.0 203
1778926305390 12901.0 204
1778926306113 12985.0 205
1778926306498 13026.0 206
1778926306963 13078.0 207
1778926307473 13137.0 208
1778926308136 13213.0 209
1778926308547 13260.0 210
1778926308862 13297.0 211
1778926309718 13398.0 212
1778926309988 13430.0 213
1778926310383 13488.0 214
1778926311411 13636.0 215
1778926312136 13727.0 216
1778926312303 13747.0 217
1778926313239 13857.0 218
1778926313471 13884.0 219
1778926314024 13950.0 220
1778926314570 14014.0 221
1778926315901 14172.0 222
1778926316630 14255.0 223
1778926318305 14452.0 224
1778926319535 14599.0 225
1778926319697 14618.0 226
1778926320022 14656.0 227
1778926321019 14775.0 228
1778926321810 14861.0 229
1778926322561 14949.0 230
1778926322845 14986.0 231
1778926324260 15127.0 232
1778926324838 15181.0 233
1778926325923 15299.0 234
1778926326518 15368.0 235
1778926327277 15452.0 236
1778926328062 15534.0 237
1778926328171 15545.0 238
1778926328999 15625.0 239
1778926329734 15686.0 240
1778926329941 15705.0 241
1778926330326 15741.0 242
1778926330698 15776.0 243
1778926330868 15791.0 244
1778926332391 15932.0 245
1778926332583 15953.0 246
1778926332802 15978.0 247
1778926333075 16003.0 248
1778926334165 16131.0 249
1778926335595 16286.0 250
1778926335774 16303.0 251
1778926336042 16328.0 252
1778926337041 16425.0 253
1778926337457 16464.0 254
1778926338814 16595.0 255
1778926338993 16611.0 256
1778926340806 16771.0 257
1778926341387 16831.0 258
1778926341799 16876.0 259
1778926342339 16938.0 260
1778926342688 16978.0 261
1778926342976 17011.0 262
1778926343319 17050.0 263
1778926343590 17080.0 264
1778926343792 17103.0 265
1778926344279 17158.0 266
1778926346214 17373.0 267
1778926347382 17504.0 268
1778926347631 17532.0 269
1778926348168 17593.0 270
1778926348334 17611.0 271
1778926348819 17665.0 272
1778926349215 17707.0 273
1778926351646 17956.0 274
1778926351912 17984.0 275
1778926352136 18009.0 276
1778926353097 18105.0 277
1778926354321 18230.0 278
1778926354736 18276.0 279
1778926356827 18474.0 280
1778926358071 18607.0 281
1778926358527 18649.0 282
1778926358832 18676.0 283
1778926360256 18776.0 284
1778926360737 18816.0 285
1778926361513 18880.0 286
1778926364541 19107.0 287
1778926365857 19240.0 288
1778926366132 19267.0 289
1778926367320 19385.0 290
1778926368519 19518.0 291
1778926369066 19572.0 292
1778926369523 19617.0 293
1778926369816 19648.0 294
1778926370762 19748.0 295
1778926371267 19798.0 296
1778926371675 19839.0 297
1778926372538 19928.0 298
1778926372720 19946.0 299
1778926372987 19972.0 300
1778926373299 19996.0 301
1778926373760 20038.0 302
1778926374712 20127.0 303
1778926375022 20154.0 304
1778926376690 20310.0 305
1778926377200 20358.0 306
1778926377810 20413.0 307
1778926379619 20581.0 308
1778926382111 20785.0 309
1778926382352 20805.0 310
1778926382565 20823.0 311
1778926383581 20909.0 312
1778926384561 21002.0 313
1778926384913 21034.0 314
1778926386028 21141.0 315
1778926386444 21181.0 316
1778926388453 21375.0 317
1778926388621 21391.0 318
1778926389954 21519.0 319
1778926390352 21557.0 320
1778926390838 21603.0 321
1778926392929 21789.0 322
1778926393843 21862.0 323
1778926396773 22167.0 324
1778926398702 22317.0 325
1778926398948 22333.0 326
1778926401322 22520.0 327
1778926402027 22602.0 328
1778926403146 22707.0 329
1778926403509 22745.0 330
1778926404158 22811.0 331
1778926406811 23140.0 332
1778926407273 23184.0 333
1778926408411 23297.0 334
1778926410389 23522.0 335
1778926410633 23548.0 336
1778926410865 23571.0 337
1778926411345 23622.0 338
1778926414973 23982.0 339
1778926415487 24037.0 340
1778926415555 24044.0 341
1778926416512 24140.0 342
1778926417291 24222.0 343
1778926417996 24297.0 344
1778926418539 24352.0 345
1778926418653 24364.0 346
1778926419355 24440.0 347
1778926419598 24466.0 348
1778926420230 24533.0 349
1778926421098 24610.0 350
1778926423019 24782.0 351
1778926423345 24811.0 352
1778926423922 24860.0 353
1778926424115 24876.0 354
1778926425323 24978.0 355
1778926426492 25075.0 356
1778926427789 25190.0 357
1778926428431 25243.0 358
1778926429882 25364.0 359
1778926431787 25527.0 360
1778926432018 25548.0 361
1778926433556 25688.0 362
1778926435310 25859.0 363
1778926435507 25879.0 364
1778926435958 25922.0 365
1778926436398 25961.0 366
1778926437337 26056.0 367
1778926437801 26093.0 368
1778926439407 26243.0 369
1778926440035 26303.0 370
1778926442426 26535.0 371
1778926442646 26557.0 372
1778926442968 26590.0 373
1778926443626 26658.0 374
1778926444717 26770.0 375
1778926448397 27074.0 376
1778926449708 27179.0 377
1778926450246 27222.0 378
1778926450473 27240.0 379
1778926451935 27361.0 380
1778926453973 27557.0 381
1778926454497 27598.0 382
1778926454655 27611.0 383
1778926455674 27695.0 384
1778926457669 27831.0 385
1778926459545 27959.0 386
1778926461419 28097.0 387
1778926463248 28236.0 388
1778926464967 28387.0 389
1778926465647 28454.0 390
1778926465863 28474.0 391
1778926466229 28511.0 392
1778926468330 28708.0 393
1778926468841 28751.0 394
1778926472201 28994.0 395
1778926474921 29239.0 396
1778926477608 29442.0 397
1778926477909 29464.0 398
1778926478798 29531.0 399
1778926480007 29630.0 400
1778926481170 29708.0 401
1778926483356 29866.0 402
1778926483611 29886.0 403
1778926485264 30018.0 404
1778926485492 30036.0 405
1778926486047 30087.0 406
1778926486255 30109.0 407
1778926487441 30222.0 408
1778926488316 30296.0 409
1778926488769 30328.0 410
1778926489717 30398.0 411
1778926490658 30468.0 412
1778926491272 30516.0 413
1778926494181 30764.0 414
1778926496526 30976.0 415
1778926496737 30992.0 416
1778926498246 31108.0 417
1778926499973 31242.0 418
1778926500405 31276.0 419
1778926500742 31302.0 420
1778926501677 31374.0 421
1778926504823 31652.0 422
1778926506436 31774.0 423
1778926507365 31857.0 424
1778926509203 32058.0 425
1778926509717 32119.0 426
1778926512583 32435.0 427
1778926513996 32573.0 428
1778926514543 32621.0 429
1778926518376 32924.0 430
1778926520046 33091.0 431
1778926521021 33180.0 432
1778926521320 33201.0 433
1778926522269 33261.0 434
1778926523071 33321.0 435
1778926523444 33347.0 436
1778926527090 33606.0 437
1778926534118 34114.0 438
1778926535193 34216.0 439
1778926535396 34234.0 440
1778926536580 34343.0 441
1778926536936 34377.0 442
1778926540366 34721.0 443
1778926542444 34931.0 444
1778926543245 35012.0 445
1778926544258 35112.0 446
1778926546494 35336.0 447
1778926547482 35438.0 448
1778926551085 35798.0 449
1778926551385 35828.0 450
1778926554122 36092.0 451
1778926555894 36268.0 452
1778926557793 36461.0 453
1778926561828 36860.0 454
1778926562727 36939.0 455
1778926564239 37067.0 456
1778926569529 37581.0 457
1778926570482 37675.0 458
1778926571691 37795.0 459
1778926572219 37847.0 460
1778926573092 37928.0 461
1778926573953 38006.0 462
1778926575442 38151.0 463
1778926578618 38462.0 464
1778926580094 38608.0 465
1778926580986 38699.0 466
1778926581220 38723.0 467
1778926585408 39134.0 468
1778926585806 39173.0 469
1778926588759 39455.0 470
1778926591136 39655.0 471
1778926595253 40052.0 472
1778926595771 40102.0 473
1778926598229 40353.0 474
1778926599981 40546.0 475
1778926601036 40649.0 476
1778926602838 40825.0 477
1778926603023 40845.0 478
1778926604166 40956.0 479
1778926607081 41255.0 480
1778926609717 41499.0 481
1778926611915 41712.0 482
1778926613079 41826.0 483
1778926615780 42078.0 484
1778926618967 42377.0 485
1778926619089 42388.0 486
1778926621254 42593.0 487
1778926624205 42820.0 488
1778926625523 42943.0 489
1778926627491 43138.0 490
1778926627754 43167.0 491
1778926628459 43240.0 492
1778926629754 43391.0 493
1778926631004 43557.0 494
1778926632067 43698.0 495
1778926632222 43716.0 496
1778926632641 43765.0 497
1778926634595 44003.0 498
1778926634755 44021.0 499
1778926635811 44125.0 500
1778926637889 44278.0 501
1778926639414 44463.0 502
1778926641572 44723.0 503
1778926643798 44939.0 504
1778926644373 44994.0 505
1778926648197 45353.0 506
1778926650969 45626.0 507
1778926652796 45819.0 508
1778926654822 46033.0 509
1778926658421 46396.0 510
1778926658938 46445.0 511
1778926662050 46758.0 512
1778926664593 47006.0 513
1778926664920 47037.0 514
1778926666868 47199.0 515
1778926669699 47412.0 516
1778926672575 47632.0 517
1778926674947 47815.0 518
1778926676933 48011.0 519
1778926680053 48324.0 520
1778926680501 48367.0 521
1778926681509 48458.0 522
1778926685919 48897.0 523
1778926693784 49541.0 524
1778926695347 49670.0 525
1778926695718 49708.0 526
1778926696986 49835.0 527
1778926698751 50011.0 528
1778926702149 50350.0 529
1778926703157 50450.0 530
1778926705529 50676.0 531
1778926707427 50862.0 532
1778926708496 50971.0 533
1778926711621 51279.0 534
1778926712387 51357.0 535
1778926712935 51413.0 536
1778926714793 51606.0 537
1778926715207 51663.0 538
1778926718488 52094.0 539
1778926719627 52248.0 540
1778926720459 52351.0 541
1778926721442 52473.0 542
1778926724297 52814.0 543
1778926725060 52866.0 544
1778926725309 52883.0 545
1778926731816 53443.0 546
1778926735329 53791.0 547
1778926735520 53810.0 548
1778926745518 54525.0 549
1778926753093 55031.0 550
1778926754469 55120.0 551
1778926755450 55186.0 552
1778926758516 55457.0 553
1778926759566 55562.0 554
1778926760565 55664.0 555
1778926761153 55727.0 556
1778926764887 56119.0 557
1778926768701 56532.0 558
1778926771856 56857.0 559
1778926772204 56895.0 560
1778926773099 56987.0 561
1778926773342 57010.0 562
1778926775694 57267.0 563
1778926780218 57675.0 564
1778926782029 57797.0 565
1778926788160 58253.0 566
1778926789801 58393.0 567
1778926790554 58457.0 568
1778926794752 58810.0 569
1778926799318 59278.0 570
1778926803077 59588.0 571
1778926807094 59925.0 572
1778926808440 60038.0 573
1778926809019 60087.0 574
1778926811404 60317.0 575
1778926814113 60613.0 576
1778926818528 60946.0 577
1778926824037 61428.0 578
1778926827544 61764.0 579
1778926828655 61887.0 580
1778926830897 62114.0 581
1778926834484 62415.0 582
1778926841569 62971.0 583
1778926845819 63343.0 584
1778926846336 63400.0 585
1778926848802 63673.0 586
1778926850525 63865.0 587
1778926854446 64299.0 588
1778926854821 64341.0 589
1778926855065 64368.0 590
1778926858119 64701.0 591
1778926862814 65146.0 592
1778926866596 65432.0 593
1778926872207 65881.0 594
1778926874690 66092.0 595
1778926877112 66271.0 596
1778926881372 66704.0 597
1778926884808 67138.0 598
1778926887737 67495.0 599
1778926889684 67737.0 600
1778926893270 68138.0 601
1778926895875 68455.0 602
1778926898804 68816.0 603
1778926902935 69279.0 604
1778926903717 69360.0 605
1778926907940 69677.0 606
1778926908550 69714.0 607
1778926909177 69752.0 608
1778926911762 70007.0 609
1778926913827 70217.0 610
1778926915949 70419.0 611
1778926917115 70539.0 612
1778926920989 70932.0 613
1778926922923 71125.0 614
1778926927037 71540.0 615
1778926928486 71685.0 616
1778926932912 72133.0 617
1778926935549 72399.0 618
1778926937326 72536.0 619
1778926940508 72778.0 620
1778926947135 73360.0 621
1778926952868 73753.0 622
1778926955341 74005.0 623
1778926958482 74200.0 624
1778926965256 74684.0 625
1778926968901 74967.0 626
1778926976370 75448.0 627
1778926979358 75673.0 628
1778926981549 75854.0 629
1778926991988 76546.0 630
1778926993428 76641.0 631
1778926997962 76989.0 632
1778926998933 77064.0 633
1778927002575 77345.0 634
1778927002964 77375.0 635
1778927008258 77794.0 636
1778927010216 77965.0 637
1778927015687 78379.0 638
1778927021227 78795.0 639
1778927027099 79177.0 640
1778927032352 79566.0 641
1778927037127 79892.0 642
1778927041964 80167.0 643
1778927047357 80516.0 644
1778927049214 80647.0 645
1778927051462 80797.0 646
1778927057595 81161.0 647
1778927065146 81607.0 648
1778927066525 81708.0 649
1778927070420 81971.0 650
1778927077382 82311.0 651
1778927082461 82583.0 652
1778927085307 82732.0 653
1778927087117 82830.0 654
1778927090415 83034.0 655
1778927096645 83384.0 656
1778927103888 83739.0 657
1778927106261 83854.0 658
1778927112531 84176.0 659
1778927122230 84688.0 660
1778927127697 85002.0 661
1778927137041 85550.0 662
1778927142932 85861.0 663
1778927145103 85974.0 664
1778927155305 86621.0 665
1778927157933 86781.0 666
1778927164887 87246.0 667
1778927175528 87817.0 668
1778927175761 87829.0 669
1778927183069 88297.0 670
1778927191404 88812.0 671
1778927198396 89203.0 672
1778927202927 89507.0 673
1778927207783 89745.0 674
1778927215642 90145.0 675
1778927217881 90251.0 676
1778927222465 90489.0 677
1778927229326 90868.0 678
1778927232560 91086.0 679
1778927237157 91321.0 680
1778927250390 92070.0 681
1778927255656 92350.0 682
1778927261995 92723.0 683
1778927269719 93166.0 684
1778927274108 93412.0 685
1778927274825 93452.0 686
1778927286456 94181.0 687
1778927289007 94374.0 688
1778927293481 94716.0 689
1778927300069 95126.0 690
1778927308741 95644.0 691
1778927316785 96208.0 692
1778927328992 96987.0 693
1778927329708 97035.0 694
1778927337425 97437.0 695
1778927342029 97684.0 696
1778927356130 98475.0 697
1778927363818 98958.0 698
1778927366146 99110.0 699
1778927369760 99344.0 700
1778927381204 100000.0 701
1778927385940 100000.0 702
1778927394875 100000.0 703
1778927403082 100000.0 704
1778927404789 100000.0 705
1778927408306 100000.0 706
1778927415039 100000.0 707
1778927415924 100000.0 708
1778927421523 100000.0 709
1778927429184 100000.0 710
1778927437634 100000.0 711
1778927451290 100000.0 712
1778927456474 100000.0 713
1778927459675 100000.0 714
1778927466229 100000.0 715
1778927475786 100000.0 716
1778927478256 100000.0 717
1778927485785 100000.0 718
1778927495434 100000.0 719
1778927499838 100000.0 720
1778927506609 100000.0 721
1778927513274 100000.0 722
1778927517204 100000.0 723
1778927521659 100000.0 724
1778927528379 100000.0 725
1778927546044 100000.0 726
1778927551647 100000.0 727
1778927558850 100000.0 728
1778927565055 100000.0 729
1778927570855 100000.0 730
1778927575529 100000.0 731
1778927579707 100000.0 732
1778927580923 100000.0 733
1778927584538 100000.0 734
1778927585810 100000.0 735
1778927587838 100000.0 736
1778927589936 100000.0 737
1778927599939 100000.0 738
1778927601295 100000.0 739
1778927606683 100000.0 740
1778927618170 100000.0 741
1778927622552 100000.0 742
1778927624790 100000.0 743
1778927632218 100000.0 744
1778927640762 100000.0 745
1778927643912 100000.0 746
1778927646694 100000.0 747
1778927656818 100000.0 748
1778927661442 100000.0 749
1778927671615 100000.0 750
1778927681642 100000.0 751
1778927685056 100000.0 752
1778927690374 100000.0 753
1778927701977 100000.0 754
1778927706713 100000.0 755
1778927713313 100000.0 756
1778927727769 100000.0 757
1778927737915 100000.0 758
1778927744738 100000.0 759
1778927750110 100000.0 760
1778927754456 100000.0 761
1778927760931 100000.0 762
1778927770805 100000.0 763
1778927774187 100000.0 764
1778927783225 100000.0 765
1778927788050 100000.0 766
1778927788586 100000.0 767
1778927798117 100000.0 768
1778927812065 100000.0 769
1778927822633 100000.0 770
1778927828763 100000.0 771
1778927839052 100000.0 772
1778927846779 100000.0 773
1778927852016 100000.0 774
1778927856083 100000.0 775
1778927864419 100000.0 776
1778927866384 100000.0 777
1778927873485 100000.0 778
1778927874092 100000.0 779
1778927884343 100000.0 780
1778927894975 100000.0 781
1778927900687 100000.0 782
1778927912266 100000.0 783
1778927917433 100000.0 784
1778927921843 100000.0 785
1778927927160 100000.0 786
1778927933387 100000.0 787
1778927942106 100000.0 788
1778927948779 100000.0 789
1778927954444 100000.0 790
1778927968024 100000.0 791
1778927976662 100000.0 792
1778927979935 100000.0 793
1778927987393 100000.0 794
1778927998362 100000.0 795
1778928010923 100000.0 796
1778928025421 100000.0 797
1778928031705 100000.0 798
1778928037978 100000.0 799
1778928047151 100000.0 800
1778928056154 100000.0 801
1778928066767 100000.0 802
1778928072323 100000.0 803
1778928078538 100000.0 804
1778928090472 100000.0 805
1778928095403 100000.0 806
1778928114791 100000.0 807
1778928117404 100000.0 808
1778928118334 100000.0 809
1778928133446 100000.0 810
1778928136179 100000.0 811
1778928145405 100000.0 812
1778928150792 100000.0 813
1778928156718 100000.0 814
1778928161838 100000.0 815
1778928163105 100000.0 816
1778928169361 100000.0 817
1778928176996 100000.0 818
1778928184699 100000.0 819
1778928201417 100000.0 820
1778928207534 100000.0 821
1778928214123 100000.0 822
1778928228157 100000.0 823
1778928235754 100000.0 824
1778928254073 100000.0 825
1778928259573 100000.0 826
1778928270037 100000.0 827
1778928271467 100000.0 828
1778928283412 100000.0 829
1778928288325 100000.0 830
1778928293487 100000.0 831
1778928293919 100000.0 832
1778928300402 100000.0 833
1778928307242 100000.0 834
1778928318549 100000.0 835
1778928324749 100000.0 836
1778928335229 100000.0 837
1778928341720 100000.0 838
1778928348478 100000.0 839
1778928356062 100000.0 840
1778928364214 100000.0 841
1778928373808 100000.0 842
1778928386798 100000.0 843
1778928396910 100000.0 844
1778928398769 100000.0 845
1778928407291 100000.0 846
1778928417670 100000.0 847
1778928432543 100000.0 848
1778928442793 100000.0 849
1778928452417 100000.0 850
1778928464114 100000.0 851
1778928479692 100000.0 852
1778928488056 100000.0 853
1778928492188 100000.0 854
1778928498299 100000.0 855
1778928505657 100000.0 856
1778928507806 100000.0 857
1778928514841 100000.0 858
1778928519723 100000.0 859
1778928533037 100000.0 860
1778928533917 100000.0 861
1778928540027 100000.0 862
1778928550569 100000.0 863
1778928556939 100000.0 864
1778928567280 100000.0 865
1778928572316 100000.0 866
1778928588324 100000.0 867
1778928593167 100000.0 868
1778928598056 100000.0 869
1778928609244 100000.0 870
1778928625793 100000.0 871
1778928635614 100000.0 872
1778928642715 100000.0 873
1778928646260 100000.0 874
1778928656787 100000.0 875
1778928661905 100000.0 876
1778928668934 100000.0 877
1778928680367 100000.0 878
1778928691217 100000.0 879
1778928705200 100000.0 880
1778928712384 100000.0 881
1778928724910 100000.0 882
1778928725230 100000.0 883
1778928732370 100000.0 884
1778928745419 100000.0 885
1778928756947 100000.0 886
1778928764113 100000.0 887
1778928774485 100000.0 888
1778928781419 100000.0 889
1778928788448 100000.0 890
1778928793578 100000.0 891
1778928797052 100000.0 892
1778928801455 100000.0 893
1778928812481 100000.0 894
1778928815509 100000.0 895
1778928828258 100000.0 896
1778928841788 100000.0 897
1778928845193 100000.0 898
1778928846882 100000.0 899
1778928848916 100000.0 900
1778928859431 100000.0 901
1778928868609 100000.0 902
1778928874321 100000.0 903
1778928878390 100000.0 904
1778928882174 100000.0 905
1778928902985 100000.0 906
1778928910797 100000.0 907
1778928920989 100000.0 908
1778928932109 100000.0 909
1778928934365 100000.0 910
1778928939100 100000.0 911
1778928946505 100000.0 912
1778928948522 100000.0 913
1778928955554 100000.0 914
1778928959079 100000.0 915
1778928972042 100000.0 916
1778928989145 100000.0 917
1778928992735 100000.0 918
1778929004118 100000.0 919
1778929013607 100000.0 920
1778929030470 100000.0 921
1778929055458 100000.0 922
1778929070591 100000.0 923
1778929082919 100000.0 924
1778929093594 100000.0 925
1778929107217 100000.0 926
1778929108004 100000.0 927
1778929111159 100000.0 928
1778929123824 100000.0 929
1778929132455 100000.0 930
1778929141463 100000.0 931
1778929150229 100000.0 932
1778929156911 100000.0 933
1778929166197 100000.0 934
1778929175971 100000.0 935
1778929185779 100000.0 936
1778929198817 100000.0 937
1778929211881 100000.0 938
1778929215241 100000.0 939
1778929218724 100000.0 940
1778929231471 100000.0 941
1778929237849 100000.0 942
1778929245981 100000.0 943
1778929253423 100000.0 944
1778929259035 100000.0 945
1778929270916 100000.0 946
1778929289494 100000.0 947
1778929299711 100000.0 948
1778929307409 100000.0 949
1778929316979 100000.0 950
1778929327026 100000.0 951
1778929341526 100000.0 952
1778929359561 100000.0 953
1778929369580 100000.0 954
1778929371549 100000.0 955
1778929383989 100000.0 956
1778929393420 100000.0 957
1778929399151 100000.0 958
1778929399514 100000.0 959
1778929410486 100000.0 960
1778929421560 100000.0 961
1778929434558 100000.0 962
1778929438911 100000.0 963
1778929442529 100000.0 964
1778929454428 100000.0 965
1778929455440 100000.0 966
1778929465056 100000.0 967
1778929471274 100000.0 968
1778929480265 100000.0 969
1778929486966 100000.0 970
1778929492508 100000.0 971
1778929497380 100000.0 972
1778929503669 100000.0 973
1778929515711 100000.0 974
1778929532922 100000.0 975
1778929542950 100000.0 976
1778929546524 100000.0 977
1778929557140 100000.0 978
1778929568040 100000.0 979
1778929578552 100000.0 980
1778929581997 100000.0 981
1778929582314 100000.0 982
1778929590697 100000.0 983
1778929598121 100000.0 984
1778929609218 100000.0 985
1778929623680 100000.0 986
1778929633051 100000.0 987
1778929639560 100000.0 988
1778929647069 100000.0 989
1778929650743 100000.0 990
1778929670707 100000.0 991
1778929682683 100000.0 992
1778929687528 100000.0 993
1778929696835 100000.0 994
1778929702938 100000.0 995
1778929710882 100000.0 996
1778929713039 100000.0 997
1778929726071 100000.0 998
1778929727449 100000.0 999
1778929733017 100000.0 1000
