1778926207203 2.0 1
1778926207204 1.0 2
1778926207206 0.0 3
1778926207210 0.0 4
1778926207218 0.0 5
1778926207220 1.0 6
1778926207223 0.0 7
1778926207227 0.0 8
1778926207230 0.0 9
1778926207233 0.0 10
1778926207238 1.0 11
1778926207242 0.0 12
1778926207244 0.0 13
1778926208181 0.0 14
1778926208425 1.0 15
1778926208946 1.0 16
1778926209367 0.0 17
1778926209717 0.0 18
1778926209879 0.0 19
1778926212085 0.0 20
1778926214253 0.0 21
1778926214927 0.0 22
1778926215062 0.0 23
1778926216802 0.0 24
1778926216929 1.0 25
1778926217625 1.0 26
1778926218013 0.0 27
1778926218385 1.0 28
1778926218791 0.0 29
1778926219541 1.0 30
1778926219895 1.0 31
1778926220384 1.0 32
1778926220651 1.0 33
1778926220852 1.0 34
1778926221383 0.0 35
1778926221871 0.0 36
1778926222415 1.0 37
1778926222660 0.0 38
1778926222878 0.0 39
1778926223098 0.0 40
1778926223546 0.0 41
1778926224215 0.0 42
1778926224951 1.0 43
1778926225566 0.0 44
1778926227814 0.0 45
1778926228161 0.0 46
1778926228381 1.0 47
1778926228892 0.0 48
1778926229792 0.0 49
1778926230869 0.0 50
1778926231088 1.0 51
1778926231649 1.0 52
1778926232116 0.0 53
1778926232757 1.0 54
1778926233329 0.0 55
1778926234233 1.0 56
1778926234576 1.0 57
1778926235563 1.0 58
1778926236117 1.0 59
1778926236536 0.0 60
1778926237566 0.0 61
1778926238994 1.0 62
1778926240095 1.0 63
1778926240316 1.0 64
1778926240998 2.0 65
1778926241386 1.0 66
1778926242241 1.0 67
1778926242575 0.0 68
1778926243007 1.0 69
1778926243683 1.0 70
1778926244063 0.0 71
1778926244393 0.0 72
1778926244987 1.0 73
1778926245954 1.0 74
1778926246206 1.0 75
1778926246404 1.0 76
1778926246616 1.0 77
1778926247218 1.0 78
1778926247596 1.0 79
1778926247978 1.0 80
1778926248437 1.0 81
1778926248905 1.0 82
1778926249251 1.0 83
1778926249525 0.0 84
1778926249755 0.0 85
1778926249938 1.0 86
1778926250094 1.0 87
1778926250446 1.0 88
1778926250873 2.0 89
1778926251292 0.0 90
1778926251497 1.0 91
1778926252067 0.0 92
1778926252849 1.0 93
1778926253285 2.0 94
1778926254364 3.0 95
1778926254555 0.0 96
1778926254840 1.0 97
1778926255610 3.0 98
1778926255959 1.0 99
1778926256273 0.0 100
1778926256759 2.0 101
1778926257433 2.0 102
1778926257589 1.0 103
1778926257926 0.0 104
1778926258103 1.0 105
1778926258891 1.0 106
1778926259195 1.0 107
1778926259494 1.0 108
1778926259885 1.0 109
1778926260279 1.0 110
1778926260587 2.0 111
1778926261099 2.0 112
1778926261811 1.0 113
1778926262064 1.0 114
1778926262338 1.0 115
1778926262602 1.0 116
1778926263213 2.0 117
1778926263335 1.0 118
1778926263929 2.0 119
1778926264111 1.0 120
1778926264300 1.0 121
1778926264518 1.0 122
1778926264845 1.0 123
1778926265285 3.0 124
1778926265608 2.0 125
1778926265713 1.0 126
1778926265939 1.0 127
1778926266341 1.0 128
1778926266516 0.0 129
1778926267076 3.0 130
1778926267247 1.0 131
1778926267396 1.0 132
1778926267681 1.0 133
1778926268024 2.0 134
1778926268262 1.0 135
1778926268861 2.0 136
1778926269339 1.0 137
1778926269675 1.0 138
1778926269889 1.0 139
1778926270159 1.0 140
1778926270530 1.0 141
1778926270844 1.0 142
1778926271062 1.0 143
1778926271260 1.0 144
1778926271534 1.0 145
1778926271586 1.0 146
1778926271859 0.0 147
1778926272172 1.0 148
1778926272391 1.0 149
1778926273239 2.0 150
1778926273901 2.0 151
1778926274225 1.0 152
1778926274831 2.0 153
1778926275890 4.0 154
1778926276323 1.0 155
1778926277097 4.0 156
1778926277331 1.0 157
1778926277591 2.0 158
1778926278383 1.0 159
1778926282015 1.0 160
1778926282466 1.0 161
1778926282785 1.0 162
1778926283066 1.0 163
1778926283592 2.0 164
1778926284024 1.0 165
1778926284267 2.0 166
1778926284645 1.0 167
1778926286045 5.0 168
1778926286547 2.0 169
1778926286731 1.0 170
1778926287413 3.0 171
1778926287760 2.0 172
1778926288716 5.0 173
1778926289159 1.0 174
1778926289643 2.0 175
1778926289963 2.0 176
1778926290308 0.0 177
1778926291364 3.0 178
1778926291963 1.0 179
1778926292434 2.0 180
1778926292806 1.0 181
1778926293259 3.0 182
1778926294133 3.0 183
1778926294948 2.0 184
1778926295118 1.0 185
1778926295479 2.0 186
1778926296496 3.0 187
1778926297428 2.0 188
1778926297997 3.0 189
1778926298246 1.0 190
1778926298757 3.0 191
1778926299492 3.0 192
1778926300208 1.0 193
1778926300462 2.0 194
1778926300955 1.0 195
1778926301370 1.0 196
1778926301913 2.0 197
1778926303014 3.0 198
1778926303540 3.0 199
1778926303969 2.0 200
1778926304787 3.0 201
1778926304906 1.0 202
1778926305104 1.0 203
1778926305390 4.0 204
1778926306113 5.0 205
1778926306498 2.0 206
1778926306963 3.0 207
1778926307473 1.0 208
1778926308136 3.0 209
1778926308547 1.0 210
1778926308862 1.0 211
1778926309718 3.0 212
1778926309988 1.0 213
1778926310383 2.0 214
1778926311411 9.0 215
1778926312136 2.0 216
1778926312303 1.0 217
1778926313239 3.0 218
1778926313471 1.0 219
1778926314024 3.0 220
1778926314570 5.0 221
1778926315901 7.0 222
1778926316630 2.0 223
1778926318305 8.0 224
1778926319535 6.0 225
1778926319697 1.0 226
1778926320022 1.0 227
1778926321019 4.0 228
1778926321810 3.0 229
1778926322561 3.0 230
1778926322845 1.0 231
1778926324260 7.0 232
1778926324838 2.0 233
1778926325923 3.0 234
1778926326518 2.0 235
1778926327277 3.0 236
1778926328062 4.0 237
1778926328171 1.0 238
1778926328999 4.0 239
1778926329734 2.0 240
1778926329941 1.0 241
1778926330326 1.0 242
1778926330698 1.0 243
1778926330868 1.0 244
1778926332391 5.0 245
1778926332583 1.0 246
1778926332802 1.0 247
1778926333075 0.0 248
1778926334165 6.0 249
1778926335595 9.0 250
1778926335774 1.0 251
1778926336042 0.0 252
1778926337041 4.0 253
1778926337457 2.0 254
1778926338814 5.0 255
1778926338993 1.0 256
1778926340806 6.0 257
1778926341387 1.0 258
1778926341799 3.0 259
1778926342339 3.0 260
1778926342688 1.0 261
1778926342976 0.0 262
1778926343319 2.0 263
1778926343590 1.0 264
1778926343792 1.0 265
1778926344279 3.0 266
1778926346214 6.0 267
1778926347382 7.0 268
1778926347631 0.0 269
1778926348168 2.0 270
1778926348334 0.0 271
1778926348819 2.0 272
1778926349215 3.0 273
1778926351646 12.0 274
1778926351912 1.0 275
1778926352136 1.0 276
1778926353097 5.0 277
1778926354321 7.0 278
1778926354736 2.0 279
1778926356827 12.0 280
1778926358071 4.0 281
1778926358527 2.0 282
1778926358832 1.0 283
1778926360256 4.0 284
1778926360737 1.0 285
1778926361513 2.0 286
1778926364541 10.0 287
1778926365857 7.0 288
1778926366132 1.0 289
1778926367320 5.0 290
1778926368519 6.0 291
1778926369066 4.0 292
1778926369523 2.0 293
1778926369816 1.0 294
1778926370762 5.0 295
1778926371267 2.0 296
1778926371675 2.0 297
1778926372538 3.0 298
1778926372720 1.0 299
1778926372987 1.0 300
1778926373299 1.0 301
1778926373760 3.0 302
1778926374712 3.0 303
1778926375022 1.0 304
1778926376690 6.0 305
1778926377200 3.0 306
1778926377810 1.0 307
1778926379619 11.0 308
1778926382111 12.0 309
1778926382352 1.0 310
1778926382565 1.0 311
1778926383581 4.0 312
1778926384561 4.0 313
1778926384913 1.0 314
1778926386028 5.0 315
1778926386444 1.0 316
1778926388453 8.0 317
1778926388621 1.0 318
1778926389954 6.0 319
1778926390352 1.0 320
1778926390838 2.0 321
1778926392929 9.0 322
1778926393843 5.0 323
1778926396773 16.0 324
1778926398702 5.0 325
1778926398948 1.0 326
1778926401322 11.0 327
1778926402027 4.0 328
1778926403146 6.0 329
1778926403509 1.0 330
1778926404158 1.0 331
1778926406811 18.0 332
1778926407273 3.0 333
1778926408411 4.0 334
1778926410389 12.0 335
1778926410633 1.0 336
1778926410865 1.0 337
1778926411345 3.0 338
1778926414973 16.0 339
1778926415487 2.0 340
1778926415555 1.0 341
1778926416512 5.0 342
1778926417291 3.0 343
1778926417996 4.0 344
1778926418539 3.0 345
1778926418653 1.0 346
1778926419355 4.0 347
1778926419598 1.0 348
1778926420230 3.0 349
1778926421098 3.0 350
1778926423019 9.0 351
1778926423345 2.0 352
1778926423922 2.0 353
1778926424115 2.0 354
1778926425323 5.0 355
1778926426492 7.0 356
1778926427789 7.0 357
1778926428431 2.0 358
1778926429882 7.0 359
1778926431787 8.0 360
1778926432018 1.0 361
1778926433556 9.0 362
1778926435310 9.0 363
1778926435507 1.0 364
1778926435958 2.0 365
1778926436398 1.0 366
1778926437337 5.0 367
1778926437801 1.0 368
1778926439407 9.0 369
1778926440035 3.0 370
1778926442426 15.0 371
1778926442646 1.0 372
1778926442968 1.0 373
1778926443626 3.0 374
1778926444717 8.0 375
1778926448397 16.0 376
1778926449708 4.0 377
1778926450246 1.0 378
1778926450473 1.0 379
1778926451935 6.0 380
1778926453973 10.0 381
1778926454497 2.0 382
1778926454655 1.0 383
1778926455674 5.0 384
1778926457669 10.0 385
1778926459545 7.0 386
1778926461419 6.0 387
1778926463248 9.0 388
1778926464967 9.0 389
1778926465647 4.0 390
1778926465863 1.0 391
1778926466229 1.0 392
1778926468330 8.0 393
1778926468841 3.0 394
1778926472201 14.0 395
1778926474921 15.0 396
1778926477608 8.0 397
1778926477909 1.0 398
1778926478798 3.0 399
1778926480007 6.0 400
1778926481170 5.0 401
1778926483356 9.0 402
1778926483611 1.0 403
1778926485264 9.0 404
1778926485492 1.0 405
1778926486047 2.0 406
1778926486255 1.0 407
1778926487441 6.0 408
1778926488316 3.0 409
1778926488769 1.0 410
1778926489717 3.0 411
1778926490658 5.0 412
1778926491272 2.0 413
1778926494181 15.0 414
1778926496526 11.0 415
1778926496737 1.0 416
1778926498246 5.0 417
1778926499973 7.0 418
1778926500405 3.0 419
1778926500742 1.0 420
1778926501677 6.0 421
1778926504823 13.0 422
1778926506436 7.0 423
1778926507365 4.0 424
1778926509203 10.0 425
1778926509717 2.0 426
1778926512583 19.0 427
1778926513996 7.0 428
1778926514543 2.0 429
1778926518376 18.0 430
1778926520046 12.0 431
1778926521021 6.0 432
1778926521320 1.0 433
1778926522269 2.0 434
1778926523071 4.0 435
1778926523444 1.0 436
1778926527090 14.0 437
1778926534118 26.0 438
1778926535193 4.0 439
1778926535396 2.0 440
1778926536580 8.0 441
1778926536936 3.0 442
1778926540366 17.0 443
1778926542444 13.0 444
1778926543245 4.0 445
1778926544258 6.0 446
1778926546494 12.0 447
1778926547482 5.0 448
1778926551085 19.0 449
1778926551385 3.0 450
1778926554122 13.0 451
1778926555894 8.0 452
1778926557793 10.0 453
1778926561828 20.0 454
1778926562727 3.0 455
1778926564239 7.0 456
1778926569529 23.0 457
1778926570482 3.0 458
1778926571691 7.0 459
1778926572219 2.0 460
1778926573092 4.0 461
1778926573953 6.0 462
1778926575442 9.0 463
1778926578618 14.0 464
1778926580094 10.0 465
1778926580986 3.0 466
1778926581220 1.0 467
1778926585408 22.0 468
1778926585806 1.0 469
1778926588759 20.0 470
1778926591136 14.0 471
1778926595253 20.0 472
1778926595771 3.0 473
1778926598229 13.0 474
1778926599981 8.0 475
1778926601036 7.0 476
1778926602838 10.0 477
1778926603023 2.0 478
1778926604166 7.0 479
1778926607081 18.0 480
1778926609717 15.0 481
1778926611915 11.0 482
1778926613079 5.0 483
1778926615780 17.0 484
1778926618967 16.0 485
1778926619089 1.0 486
1778926621254 9.0 487
1778926624205 13.0 488
1778926625523 5.0 489
1778926627491 12.0 490
1778926627754 3.0 491
1778926628459 5.0 492
1778926629754 8.0 493
1778926631004 12.0 494
1778926632067 7.0 495
1778926632222 1.0 496
1778926632641 3.0 497
1778926634595 15.0 498
1778926634755 1.0 499
1778926635811 6.0 500
1778926637889 8.0 501
1778926639414 12.0 502
1778926641572 15.0 503
1778926643798 14.0 504
1778926644373 3.0 505
1778926648197 19.0 506
1778926650969 15.0 507
1778926652796 13.0 508
1778926654822 13.0 509
1778926658421 20.0 510
1778926658938 3.0 511
1778926662050 21.0 512
1778926664593 12.0 513
1778926664920 2.0 514
1778926666868 12.0 515
1778926669699 10.0 516
1778926672575 15.0 517
1778926674947 8.0 518
1778926676933 12.0 519
1778926680053 16.0 520
1778926680501 2.0 521
1778926681509 5.0 522
1778926685919 20.0 523
1778926693784 33.0 524
1778926695347 7.0 525
1778926695718 2.0 526
1778926696986 7.0 527
1778926698751 11.0 528
1778926702149 21.0 529
1778926703157 4.0 530
1778926705529 12.0 531
1778926707427 9.0 532
1778926708496 6.0 533
1778926711621 20.0 534
1778926712387 6.0 535
1778926712935 3.0 536
1778926714793 12.0 537
1778926715207 3.0 538
1778926718488 22.0 539
1778926719627 12.0 540
1778926720459 8.0 541
1778926721442 9.0 542
1778926724297 18.0 543
1778926725060 7.0 544
1778926725309 2.0 545
1778926731816 32.0 546
1778926735329 19.0 547
1778926735520 1.0 548
1778926745518 39.0 549
1778926753093 29.0 550
1778926754469 7.0 551
1778926755450 4.0 552
1778926758516 18.0 553
1778926759566 5.0 554
1778926760565 7.0 555
1778926761153 3.0 556
1778926764887 24.0 557
1778926768701 22.0 558
1778926771856 21.0 559
1778926772204 2.0 560
1778926773099 6.0 561
1778926773342 1.0 562
1778926775694 15.0 563
1778926780218 25.0 564
1778926782029 6.0 565
1778926788160 28.0 566
1778926789801 9.0 567
1778926790554 4.0 568
1778926794752 26.0 569
1778926799318 24.0 570
1778926803077 21.0 571
1778926807094 18.0 572
1778926808440 8.0 573
1778926809019 4.0 574
1778926811404 14.0 575
1778926814113 16.0 576
1778926818528 19.0 577
1778926824037 28.0 578
1778926827544 17.0 579
1778926828655 6.0 580
1778926830897 13.0 581
1778926834484 16.0 582
1778926841569 32.0 583
1778926845819 22.0 584
1778926846336 4.0 585
1778926848802 16.0 586
1778926850525 12.0 587
1778926854446 24.0 588
1778926854821 3.0 589
1778926855065 1.0 590
1778926858119 17.0 591
1778926862814 27.0 592
1778926866596 16.0 593
1778926872207 25.0 594
1778926874690 13.0 595
1778926877112 10.0 596
1778926881372 25.0 597
1778926884808 24.0 598
1778926887737 24.0 599
1778926889684 17.0 600
1778926893270 21.0 601
1778926895875 19.0 602
1778926898804 20.0 603
1778926902935 28.0 604
1778926903717 5.0 605
1778926907940 21.0 606
1778926908550 1.0 607
1778926909177 2.0 608
1778926911762 15.0 609
1778926913827 13.0 610
1778926915949 12.0 611
1778926917115 7.0 612
1778926920989 22.0 613
1778926922923 12.0 614
1778926927037 24.0 615
1778926928486 10.0 616
1778926932912 24.0 617
1778926935549 13.0 618
1778926937326 9.0 619
1778926940508 13.0 620
1778926947135 30.0 621
1778926952868 22.0 622
1778926955341 15.0 623
1778926958482 13.0 624
1778926965256 27.0 625
1778926968901 16.0 626
1778926976370 33.0 627
1778926979358 13.0 628
1778926981549 10.0 629
1778926991988 36.0 630
1778926993428 5.0 631
1778926997962 19.0 632
1778926998933 3.0 633
1778927002575 19.0 634
1778927002964 2.0 635
1778927008258 24.0 636
1778927010216 9.0 637
1778927015687 22.0 638
1778927021227 24.0 639
1778927027099 19.0 640
1778927032352 25.0 641
1778927037127 21.0 642
1778927041964 11.0 643
1778927047357 19.0 644
1778927049214 8.0 645
1778927051462 9.0 646
1778927057595 21.0 647
1778927065146 23.0 648
1778927066525 4.0 649
1778927070420 13.0 650
1778927077382 19.0 651
1778927082461 12.0 652
1778927085307 8.0 653
1778927087117 4.0 654
1778927090415 9.0 655
1778927096645 27.0 656
1778927103888 19.0 657
1778927106261 7.0 658
1778927112531 17.0 659
1778927122230 27.0 660
1778927127697 20.0 661
1778927137041 31.0 662
1778927142932 20.0 663
1778927145103 6.0 664
1778927155305 36.0 665
1778927157933 11.0 666
1778927164887 29.0 667
1778927175528 28.0 668
1778927175761 1.0 669
1778927183069 26.0 670
1778927191404 28.0 671
1778927198396 22.0 672
1778927202927 20.0 673
1778927207783 14.0 674
1778927215642 20.0 675
1778927217881 5.0 676
1778927222465 14.0 677
1778927229326 18.0 678
1778927232560 12.0 679
1778927237157 12.0 680
1778927250390 40.0 681
1778927255656 17.0 682
1778927261995 23.0 683
1778927269719 26.0 684
1778927274108 14.0 685
1778927274825 2.0 686
1778927286456 40.0 687
1778927289007 13.0 688
1778927293481 19.0 689
1778927300069 23.0 690
1778927308741 30.0 691
1778927316785 37.0 692
1778927328992 42.0 693
1778927329708 4.0 694
1778927337425 21.0 695
1778927342029 19.0 696
1778927356130 43.0 697
1778927363818 33.0 698
1778927366146 7.0 699
1778927369760 14.0 700
1778927381204 39.0 701
1778927385940 17.0 702
1778927394875 27.0 703
1778927403082 24.0 704
1778927404789 9.0 705
1778927408306 12.0 706
1778927415039 28.0 707
1778927415924 3.0 708
1778927421523 21.0 709
1778927429184 25.0 710
1778927437634 30.0 711
1778927451290 47.0 712
1778927456474 13.0 713
1778927459675 6.0 714
1778927466229 19.0 715
1778927475786 26.0 716
1778927478256 9.0 717
1778927485785 30.0 718
1778927495434 34.0 719
1778927499838 17.0 720
1778927506609 31.0 721
1778927513274 25.0 722
1778927517204 13.0 723
1778927521659 16.0 724
1778927528379 25.0 725
1778927546044 58.0 726
1778927551647 23.0 727
1778927558850 27.0 728
1778927565055 23.0 729
1778927570855 20.0 730
1778927575529 20.0 731
1778927579707 18.0 732
1778927580923 2.0 733
1778927584538 11.0 734
1778927585810 3.0 735
1778927587838 7.0 736
1778927589936 9.0 737
1778927599939 34.0 738
1778927601295 6.0 739
1778927606683 21.0 740
1778927618170 30.0 741
1778927622552 14.0 742
1778927624790 6.0 743
1778927632218 23.0 744
1778927640762 28.0 745
1778927643912 17.0 746
1778927646694 10.0 747
1778927656818 41.0 748
1778927661442 15.0 749
1778927671615 31.0 750
1778927681642 31.0 751
1778927685056 15.0 752
1778927690374 15.0 753
1778927701977 31.0 754
1778927706713 15.0 755
1778927713313 23.0 756
1778927727769 42.0 757
1778927737915 33.0 758
1778927744738 21.0 759
1778927750110 17.0 760
1778927754456 15.0 761
1778927760931 21.0 762
1778927770805 34.0 763
1778927774187 10.0 764
1778927783225 31.0 765
1778927788050 18.0 766
1778927788586 3.0 767
1778927798117 28.0 768
1778927812065 49.0 769
1778927822633 41.0 770
1778927828763 23.0 771
1778927839052 32.0 772
1778927846779 26.0 773
1778927852016 21.0 774
1778927856083 15.0 775
1778927864419 24.0 776
1778927866384 9.0 777
1778927873485 18.0 778
1778927874092 1.0 779
1778927884343 38.0 780
1778927894975 36.0 781
1778927900687 20.0 782
1778927912266 31.0 783
1778927917433 20.0 784
1778927921843 17.0 785
1778927927160 16.0 786
1778927933387 17.0 787
1778927942106 32.0 788
1778927948779 19.0 789
1778927954444 22.0 790
1778927968024 41.0 791
1778927976662 29.0 792
1778927979935 12.0 793
1778927987393 22.0 794
1778927998362 27.0 795
1778928010923 26.0 796
1778928025421 39.0 797
1778928031705 26.0 798
1778928037978 19.0 799
1778928047151 26.0 800
1778928056154 31.0 801
1778928066767 36.0 802
1778928072323 24.0 803
1778928078538 16.0 804
1778928090472 45.0 805
1778928095403 17.0 806
1778928114791 54.0 807
1778928117404 7.0 808
1778928118334 3.0 809
1778928133446 40.0 810
1778928136179 11.0 811
1778928145405 31.0 812
1778928150792 15.0 813
1778928156718 17.0 814
1778928161838 16.0 815
1778928163105 7.0 816
1778928169361 25.0 817
1778928176996 24.0 818
1778928184699 25.0 819
1778928201417 40.0 820
1778928207534 17.0 821
1778928214123 20.0 822
1778928228157 39.0 823
1778928235754 25.0 824
1778928254073 46.0 825
1778928259573 18.0 826
1778928270037 26.0 827
1778928271467 6.0 828
1778928283412 30.0 829
1778928288325 14.0 830
1778928293487 15.0 831
1778928293919 1.0 832
1778928300402 15.0 833
1778928307242 25.0 834
1778928318549 30.0 835
1778928324749 13.0 836
1778928335229 29.0 837
1778928341720 21.0 838
1778928348478 22.0 839
1778928356062 16.0 840
1778928364214 26.0 841
1778928373808 26.0 842
1778928386798 36.0 843
1778928396910 24.0 844
1778928398769 5.0 845
1778928407291 28.0 846
1778928417670 27.0 847
1778928432543 40.0 848
1778928442793 29.0 849
1778928452417 28.0 850
1778928464114 30.0 851
1778928479692 44.0 852
1778928488056 25.0 853
1778928492188 10.0 854
1778928498299 17.0 855
1778928505657 23.0 856
1778928507806 9.0 857
1778928514841 19.0 858
1778928519723 17.0 859
1778928533037 32.0 860
1778928533917 4.0 861
1778928540027 17.0 862
1778928550569 29.0 863
1778928556939 19.0 864
1778928567280 23.0 865
1778928572316 11.0 866
1778928588324 38.0 867
1778928593167 14.0 868
1778928598056 14.0 869
1778928609244 27.0 870
1778928625793 42.0 871
1778928635614 29.0 872
1778928642715 20.0 873
1778928646260 12.0 874
1778928656787 31.0 875
1778928661905 14.0 876
1778928668934 21.0 877
1778928680367 29.0 878
1778928691217 22.0 879
1778928705200 32.0 880
1778928712384 18.0 881
1778928724910 35.0 882
1778928725230 0.0 883
1778928732370 19.0 884
1778928745419 30.0 885
1778928756947 35.0 886
1778928764113 25.0 887
1778928774485 29.0 888
1778928781419 24.0 889
1778928788448 31.0 890
1778928793578 24.0 891
1778928797052 20.0 892
1778928801455 19.0 893
1778928812481 30.0 894
1778928815509 9.0 895
1778928828258 34.0 896
1778928841788 33.0 897
1778928845193 14.0 898
1778928846882 6.0 899
1778928848916 9.0 900
1778928859431 31.0 901
1778928868609 29.0 902
1778928874321 14.0 903
1778928878390 12.0 904
1778928882174 13.0 905
1778928902985 57.0 906
1778928910797 25.0 907
1778928920989 34.0 908
1778928932109 30.0 909
1778928934365 11.0 910
1778928939100 18.0 911
1778928946505 25.0 912
1778928948522 9.0 913
1778928955554 26.0 914
1778928959079 9.0 915
1778928972042 31.0 916
1778928989145 41.0 917
1778928992735 14.0 918
1778929004118 30.0 919
1778929013607 26.0 920
1778929030470 38.0 921
1778929055458 57.0 922
1778929070591 38.0 923
1778929082919 30.0 924
1778929093594 36.0 925
1778929107217 41.0 926
1778929108004 4.0 927
1778929111159 13.0 928
1778929123824 32.0 929
1778929132455 27.0 930
1778929141463 31.0 931
1778929150229 27.0 932
1778929156911 24.0 933
1778929166197 26.0 934
1778929175971 28.0 935
1778929185779 32.0 936
1778929198817 43.0 937
1778929211881 44.0 938
1778929215241 15.0 939
1778929218724 8.0 940
1778929231471 37.0 941
1778929237849 21.0 942
1778929245981 30.0 943
1778929253423 26.0 944
1778929259035 16.0 945
1778929270916 33.0 946
1778929289494 45.0 947
1778929299711 31.0 948
1778929307409 26.0 949
1778929316979 25.0 950
1778929327026 31.0 951
1778929341526 39.0 952
1778929359561 44.0 953
1778929369580 28.0 954
1778929371549 9.0 955
1778929383989 38.0 956
1778929393420 30.0 957
1778929399151 13.0 958
1778929399514 2.0 959
1778929410486 29.0 960
1778929421560 29.0 961
1778929434558 35.0 962
1778929438911 12.0 963
1778929442529 10.0 964
1778929454428 29.0 965
1778929455440 2.0 966
1778929465056 29.0 967
1778929471274 19.0 968
1778929480265 27.0 969
1778929486966 20.0 970
1778929492508 17.0 971
1778929497380 17.0 972
1778929503669 23.0 973
1778929515711 45.0 974
1778929532922 48.0 975
1778929542950 31.0 976
1778929546524 12.0 977
1778929557140 28.0 978
1778929568040 30.0 979
1778929578552 29.0 980
1778929581997 11.0 981
1778929582314 0.0 982
1778929590697 21.0 983
1778929598121 16.0 984
1778929609218 34.0 985
1778929623680 42.0 986
1778929633051 36.0 987
1778929639560 26.0 988
1778929647069 28.0 989
1778929650743 12.0 990
1778929670707 45.0 991
1778929682683 32.0 992
1778929687528 19.0 993
1778929696835 25.0 994
1778929702938 22.0 995
1778929710882 22.0 996
1778929713039 9.0 997
1778929726071 37.0 998
1778929727449 2.0 999
1778929733017 20.0 1000
